1 2 42.4
1 3 433.7
1 4 363.3
1 5 62.9
1 6 307.9
1 7 97.6
1 8 42.4
1 9 106.2
1 10 258.5
1 11 150.7
1 12 431.7
1 13 317.6
1 14 374.7
1 15 270.7
1 16 39.3
1 17 75.7
1 18 133.5
1 19 360.6
1 20 205.8
1 21 320.7
1 22 332.9
1 23 342.5
1 24 268.5
1 25 419.9
1 26 396.6
1 27 228.6
1 28 77.8
1 29 294.3
1 30 325.3
1 31 15.3
1 32 409.9
1 33 208.4
1 34 246.9
1 35 40.4
1 36 490.0
1 37 443.6
1 38 396.4
1 39 333.8
1 40 128.9
1 41 434.6
1 42 176.8
1 43 406.9
1 44 418.1
1 45 240.7
1 46 80.5
1 47 142.9
1 48 276.9
1 49 67.3
1 50 339.0
1 51 482.0
1 52 392.9
1 53 111.6
1 54 77.7
1 55 426.1
1 56 257.7
1 57 495.1
1 58 410.4
1 59 109.4
1 60 25.1
1 61 272.0
1 62 166.0
1 63 254.4
1 64 328.2
1 65 41.0
1 66 171.9
1 67 120.7
1 68 266.6
1 69 370.4
1 70 183.4
1 71 289.8
1 72 362.7
1 73 382.7
1 74 117.7
1 75 222.9
1 76 406.8
1 77 77.5
1 78 458.1
1 79 112.2
1 80 217.2
1 81 284.8
1 82 286.3
1 83 456.2
1 84 257.9
1 85 176.7
1 86 466.6
1 87 363.7
1 88 367.4
1 89 416.7
1 90 111.0
1 91 147.7
1 92 447.2
1 93 147.7
1 94 396.5
1 95 229.3
1 96 127.0
1 97 398.9
1 98 282.0
1 99 178.5
1 100 96.1
1 101 154.1
1 102 285.6
1 103 383.0
1 104 414.7
2 3 234.7
2 4 313.3
2 5 413.9
2 6 92.3
2 7 358.0
2 8 426.4
2 9 114.7
2 10 65.5
2 11 304.6
2 12 390.4
2 13 133.6
2 14 243.7
2 15 105.3
2 16 313.9
2 17 230.5
2 18 152.8
2 19 412.4
2 20 293.5
2 21 248.7
2 22 167.4
2 23 454.6
2 24 93.5
2 25 259.8
2 26 232.3
2 27 370.0
2 28 493.9
2 29 6.1
2 30 187.7
2 31 102.3
2 32 112.1
2 33 257.4
2 34 201.1
2 35 360.8
2 36 325.5
2 37 104.9
2 38 491.8
2 39 452.8
2 40 121.8
2 41 254.1
2 42 223.4
2 43 210.0
2 44 346.4
2 45 101.9
2 46 208.5
2 47 185.8
2 48 134.6
2 49 41.1
2 50 167.6
2 51 94.8
2 52 410.8
2 53 377.1
2 54 275.5
2 55 28.9
2 56 379.1
2 57 217.7
2 58 303.4
2 59 236.5
2 60 213.8
2 61 180.1
2 62 248.7
2 63 409.1
2 64 276.5
2 65 85.2
2 66 4.5
2 67 190.1
2 68 322.7
2 69 156.2
2 70 4.3
2 71 106.5
2 72 361.2
2 73 213.7
2 74 284.2
2 75 290.1
2 76 427.5
2 77 185.6
2 78 271.9
2 79 459.0
2 80 288.8
2 81 15.8
2 82 459.1
2 83 498.0
2 84 268.3
2 85 26.3
2 86 453.7
2 87 99.3
2 88 356.6
2 89 387.8
2 90 172.7
2 91 97.0
2 92 477.5
2 93 444.5
2 94 410.1
2 95 142.6
2 96 404.9
2 97 496.1
2 98 123.3
2 99 115.5
2 100 308.5
2 101 40.9
2 102 287.5
2 103 193.0
2 104 84.1
3 4 455.1
3 5 458.6
3 6 63.6
3 7 260.2
3 8 13.9
3 9 418.7
3 10 414.1
3 11 470.9
3 12 183.9
3 13 471.3
3 14 399.8
3 15 328.4
3 16 277.0
3 17 422.6
3 18 291.5
3 19 65.2
3 20 253.5
3 21 284.8
3 22 307.4
3 23 284.8
3 24 329.2
3 25 330.7
3 26 79.0
3 27 478.9
3 28 200.3
3 29 211.0
3 30 85.0
3 31 329.7
3 32 480.0
3 33 41.6
3 34 190.9
3 35 364.3
3 36 164.4
3 37 171.2
3 38 314.5
3 39 53.7
3 40 390.6
3 41 230.6
3 42 74.8
3 43 446.0
3 44 466.8
3 45 241.0
3 46 355.3
3 47 82.0
3 48 94.8
3 49 306.0
3 50 105.3
3 51 163.8
3 52 188.2
3 53 408.6
3 54 22.4
3 55 99.8
3 56 427.9
3 57 273.1
3 58 172.1
3 59 460.3
3 60 64.5
3 61 344.5
3 62 43.1
3 63 479.5
3 64 303.9
3 65 112.1
3 66 458.8
3 67 317.5
3 68 315.7
3 69 286.3
3 70 41.0
3 71 463.8
3 72 93.5
3 73 328.9
3 74 409.4
3 75 179.8
3 76 394.0
3 77 479.0
3 78 36.2
3 79 317.4
3 80 338.7
3 81 362.5
3 82 358.6
3 83 182.9
3 84 5.7
3 85 451.2
3 86 214.7
3 87 196.7
3 88 234.2
3 89 438.4
3 90 157.0
3 91 265.5
3 92 187.1
3 93 194.6
3 94 35.0
3 95 189.7
3 96 264.2
3 97 344.3
3 98 453.7
3 99 401.2
3 100 496.3
3 101 311.2
3 102 260.5
3 103 35.8
3 104 111.0
4 5 430.0
4 6 66.8
4 7 157.8
4 8 229.8
4 9 90.7
4 10 206.3
4 11 205.4
4 12 341.4
4 13 470.1
4 14 278.9
4 15 221.4
4 16 128.3
4 17 338.6
4 18 458.5
4 19 480.1
4 20 448.6
4 21 345.6
4 22 56.0
4 23 308.6
4 24 452.5
4 25 194.1
4 26 155.8
4 27 53.2
4 28 252.9
4 29 210.2
4 30 146.1
4 31 5.3
4 32 328.6
4 33 405.7
4 34 470.7
4 35 486.9
4 36 427.7
4 37 198.0
4 38 395.0
4 39 422.1
4 40 423.0
4 41 297.4
4 42 484.9
4 43 339.1
4 44 315.1
4 45 106.5
4 46 29.6
4 47 95.1
4 48 283.1
4 49 219.7
4 50 306.8
4 51 48.9
4 52 12.9
4 53 306.9
4 54 6.2
4 55 386.1
4 56 34.1
4 57 4.7
4 58 111.8
4 59 496.0
4 60 282.0
4 61 467.4
4 62 357.3
4 63 23.9
4 64 74.8
4 65 372.0
4 66 451.8
4 67 185.3
4 68 261.6
4 69 438.0
4 70 101.3
4 71 407.2
4 72 472.3
4 73 479.6
4 74 403.0
4 75 469.1
4 76 162.3
4 77 293.8
4 78 154.3
4 79 226.3
4 80 329.3
4 81 317.3
4 82 276.1
4 83 349.8
4 84 103.5
4 85 469.8
4 86 54.0
4 87 350.5
4 88 456.2
4 89 31.8
4 90 130.8
4 91 174.6
4 92 26.1
4 93 247.5
4 94 454.8
4 95 282.4
4 96 63.7
4 97 335.8
4 98 366.9
4 99 393.3
4 100 118.1
4 101 407.5
4 102 469.7
4 103 413.9
4 104 380.3
5 6 455.0
5 7 328.0
5 8 129.7
5 9 305.0
5 10 449.3
5 11 210.7
5 12 437.2
5 13 370.4
5 14 43.3
5 15 253.5
5 16 353.4
5 17 256.4
5 18 368.1
5 19 37.9
5 20 150.2
5 21 47.7
5 22 14.7
5 23 42.2
5 24 16.9
5 25 100.7
5 26 379.8
5 27 285.9
5 28 411.3
5 29 2.4
5 30 179.4
5 31 177.4
5 32 390.1
5 33 304.5
5 34 192.9
5 35 198.5
5 36 103.1
5 37 483.2
5 38 87.2
5 39 427.2
5 40 234.0
5 41 378.2
5 42 64.7
5 43 241.5
5 44 36.0
5 45 266.2
5 46 169.2
5 47 498.2
5 48 276.2
5 49 215.8
5 50 487.8
5 51 63.3
5 52 73.7
5 53 361.9
5 54 242.2
5 55 197.3
5 56 331.2
5 57 499.3
5 58 29.5
5 59 396.4
5 60 41.4
5 61 19.0
5 62 12.4
5 63 278.8
5 64 324.2
5 65 267.5
5 66 217.0
5 67 485.3
5 68 202.2
5 69 157.4
5 70 202.6
5 71 128.4
5 72 301.2
5 73 344.9
5 74 41.8
5 75 419.4
5 76 51.6
5 77 20.8
5 78 344.9
5 79 49.2
5 80 139.7
5 81 388.9
5 82 381.0
5 83 303.8
5 84 7.0
5 85 332.8
5 86 79.9
5 87 242.6
5 88 384.8
5 89 351.2
5 90 437.3
5 91 415.4
5 92 348.8
5 93 49.9
5 94 233.2
5 95 110.2
5 96 439.4
5 97 155.9
5 98 409.0
5 99 69.6
5 100 428.2
5 101 351.6
5 102 337.7
5 103 395.3
5 104 278.8
6 7 287.9
6 8 111.1
6 9 256.3
6 10 26.2
6 11 436.4
6 12 444.6
6 13 249.1
6 14 310.9
6 15 38.4
6 16 59.7
6 17 347.9
6 18 69.9
6 19 231.0
6 20 176.3
6 21 95.6
6 22 447.9
6 23 348.9
6 24 120.5
6 25 54.8
6 26 384.3
6 27 472.4
6 28 468.3
6 29 468.1
6 30 412.5
6 31 152.7
6 32 234.7
6 33 375.5
6 34 29.0
6 35 471.7
6 36 71.7
6 37 255.8
6 38 255.4
6 39 266.8
6 40 206.0
6 41 173.6
6 42 225.9
6 43 159.2
6 44 44.6
6 45 243.2
6 46 38.4
6 47 315.2
6 48 45.0
6 49 254.0
6 50 441.2
6 51 144.2
6 52 298.6
6 53 306.4
6 54 426.8
6 55 26.3
6 56 187.2
6 57 176.7
6 58 201.1
6 59 10.0
6 60 237.5
6 61 221.2
6 62 261.2
6 63 374.2
6 64 278.3
6 65 57.3
6 66 175.5
6 67 136.8
6 68 278.7
6 69 322.3
6 70 188.6
6 71 258.9
6 72 235.4
6 73 368.2
6 74 428.4
6 75 88.6
6 76 365.8
6 77 90.2
6 78 22.9
6 79 170.2
6 80 128.2
6 81 432.1
6 82 68.3
6 83 451.8
6 84 122.0
6 85 415.5
6 86 196.1
6 87 31.0
6 88 33.1
6 89 225.3
6 90 24.9
6 91 173.5
6 92 88.9
6 93 419.1
6 94 279.6
6 95 17.1
6 96 434.4
6 97 324.2
6 98 74.6
6 99 237.7
6 100 291.1
6 101 479.6
6 102 64.3
6 103 285.0
6 104 173.5
7 8 390.2
7 9 182.2
7 10 287.2
7 11 115.0
7 12 330.9
7 13 140.3
7 14 70.0
7 15 423.6
7 16 114.2
7 17 178.7
7 18 454.0
7 19 31.4
7 20 232.1
7 21 187.0
7 22 356.3
7 23 358.6
7 24 9.8
7 25 254.0
7 26 178.6
7 27 409.3
7 28 148.5
7 29 282.2
7 30 162.0
7 31 92.6
7 32 282.6
7 33 241.0
7 34 353.0
7 35 197.2
7 36 422.1
7 37 475.8
7 38 179.2
7 39 35.7
7 40 186.4
7 41 401.5
7 42 398.0
7 43 314.6
7 44 313.3
7 45 410.8
7 46 440.1
7 47 211.7
7 48 313.7
7 49 385.4
7 50 486.3
7 51 491.4
7 52 430.9
7 53 29.3
7 54 67.9
7 55 432.3
7 56 358.5
7 57 334.0
7 58 335.1
7 59 329.7
7 60 80.4
7 61 313.5
7 62 127.3
7 63 179.2
7 64 178.1
7 65 180.6
7 66 298.8
7 67 461.2
7 68 5.2
7 69 223.3
7 70 199.7
7 71 108.5
7 72 228.8
7 73 416.4
7 74 59.3
7 75 126.7
7 76 108.0
7 77 387.4
7 78 436.8
7 79 271.2
7 80 476.0
7 81 205.0
7 82 499.6
7 83 215.2
7 84 434.1
7 85 6.1
7 86 184.7
7 87 233.4
7 88 147.7
7 89 16.8
7 90 163.5
7 91 194.5
7 92 387.8
7 93 155.1
7 94 7.0
7 95 165.3
7 96 72.6
7 97 494.3
7 98 354.7
7 99 378.7
7 100 11.5
7 101 443.8
7 102 441.6
7 103 350.4
7 104 313.4
8 9 11.5
8 10 52.2
8 11 158.4
8 12 90.4
8 13 474.5
8 14 230.3
8 15 436.5
8 16 211.3
8 17 131.9
8 18 255.6
8 19 366.4
8 20 267.0
8 21 356.8
8 22 151.9
8 23 4.0
8 24 354.8
8 25 212.1
8 26 288.5
8 27 466.5
8 28 184.6
8 29 386.5
8 30 210.2
8 31 182.2
8 32 337.9
8 33 203.5
8 34 392.9
8 35 173.1
8 36 117.9
8 37 59.5
8 38 484.0
8 39 152.7
8 40 419.8
8 41 205.8
8 42 109.2
8 43 107.2
8 44 54.8
8 45 36.8
8 46 215.6
8 47 69.3
8 48 182.1
8 49 248.6
8 50 65.9
8 51 199.2
8 52 213.8
8 53 302.6
8 54 199.8
8 55 435.3
8 56 411.7
8 57 223.4
8 58 136.3
8 59 14.1
8 60 435.4
8 61 373.1
8 62 131.7
8 63 148.4
8 64 187.9
8 65 147.0
8 66 382.2
8 67 451.8
8 68 300.3
8 69 376.7
8 70 89.5
8 71 193.6
8 72 9.3
8 73 407.7
8 74 456.1
8 75 197.4
8 76 290.4
8 77 134.7
8 78 439.5
8 79 123.3
8 80 215.2
8 81 231.8
8 82 173.9
8 83 282.1
8 84 199.7
8 85 274.6
8 86 382.0
8 87 486.3
8 88 417.3
8 89 129.4
8 90 138.4
8 91 35.8
8 92 55.9
8 93 127.2
8 94 29.9
8 95 123.9
8 96 372.5
8 97 229.5
8 98 341.8
8 99 199.6
8 100 210.7
8 101 185.1
8 102 220.4
8 103 293.2
8 104 165.7
9 10 184.4
9 11 79.1
9 12 150.0
9 13 460.4
9 14 44.1
9 15 35.3
9 16 95.4
9 17 146.4
9 18 223.2
9 19 366.3
9 20 40.0
9 21 254.5
9 22 60.4
9 23 27.5
9 24 443.2
9 25 148.6
9 26 7.9
9 27 93.2
9 28 234.4
9 29 211.0
9 30 315.5
9 31 389.7
9 32 482.4
9 33 428.2
9 34 305.3
9 35 417.3
9 36 264.9
9 37 296.3
9 38 458.1
9 39 157.6
9 40 149.2
9 41 261.0
9 42 387.1
9 43 175.3
9 44 124.6
9 45 394.9
9 46 213.3
9 47 356.6
9 48 171.4
9 49 214.2
9 50 328.3
9 51 102.9
9 52 24.8
9 53 490.2
9 54 367.3
9 55 237.3
9 56 2.9
9 57 185.9
9 58 155.2
9 59 237.2
9 60 359.4
9 61 206.5
9 62 339.2
9 63 68.3
9 64 228.9
9 65 476.1
9 66 63.1
9 67 243.7
9 68 494.6
9 69 22.0
9 70 169.3
9 71 207.3
9 72 165.3
9 73 486.8
9 74 359.7
9 75 121.8
9 76 372.5
9 77 304.7
9 78 254.3
9 79 270.2
9 80 360.6
9 81 211.7
9 82 240.3
9 83 260.2
9 84 90.0
9 85 85.0
9 86 231.4
9 87 220.6
9 88 127.7
9 89 43.8
9 90 306.0
9 91 340.6
9 92 78.5
9 93 81.7
9 94 429.9
9 95 290.7
9 96 80.1
9 97 456.8
9 98 177.3
9 99 263.3
9 100 44.4
9 101 140.2
9 102 482.2
9 103 80.2
9 104 35.8
10 11 332.3
10 12 6.5
10 13 21.4
10 14 271.2
10 15 196.1
10 16 326.6
10 17 368.3
10 18 400.6
10 19 246.9
10 20 104.8
10 21 74.4
10 22 416.0
10 23 146.1
10 24 376.7
10 25 436.8
10 26 474.2
10 27 113.5
10 28 210.2
10 29 16.2
10 30 277.5
10 31 368.4
10 32 295.1
10 33 302.3
10 34 469.5
10 35 306.6
10 36 424.8
10 37 426.0
10 38 206.6
10 39 103.2
10 40 287.0
10 41 170.8
10 42 241.8
10 43 330.0
10 44 155.5
10 45 185.8
10 46 352.5
10 47 265.1
10 48 152.7
10 49 105.3
10 50 220.4
10 51 81.8
10 52 59.8
10 53 226.9
10 54 250.8
10 55 392.8
10 56 56.1
10 57 70.2
10 58 253.3
10 59 51.5
10 60 108.7
10 61 343.1
10 62 138.8
10 63 368.6
10 64 455.0
10 65 148.3
10 66 465.8
10 67 130.2
10 68 70.6
10 69 148.6
10 70 134.5
10 71 289.3
10 72 290.7
10 73 172.7
10 74 273.1
10 75 213.3
10 76 124.0
10 77 112.7
10 78 329.6
10 79 400.9
10 80 125.3
10 81 235.6
10 82 195.5
10 83 310.7
10 84 358.2
10 85 351.7
10 86 236.1
10 87 183.9
10 88 74.5
10 89 245.5
10 90 231.9
10 91 341.7
10 92 228.2
10 93 302.6
10 94 81.5
10 95 39.2
10 96 182.2
10 97 329.8
10 98 195.4
10 99 247.9
10 100 182.4
10 101 421.8
10 102 236.6
10 103 220.1
10 104 99.2
11 12 201.8
11 13 198.9
11 14 240.9
11 15 398.8
11 16 202.9
11 17 62.0
11 18 416.9
11 19 286.6
11 20 249.1
11 21 247.7
11 22 212.3
11 23 256.7
11 24 442.4
11 25 440.0
11 26 193.9
11 27 460.1
11 28 387.9
11 29 106.8
11 30 324.6
11 31 132.4
11 32 360.4
11 33 463.7
11 34 329.2
11 35 79.6
11 36 155.9
11 37 27.4
11 38 377.2
11 39 402.6
11 40 144.1
11 41 107.3
11 42 372.1
11 43 336.7
11 44 332.4
11 45 38.5
11 46 371.2
11 47 242.3
11 48 189.0
11 49 325.6
11 50 129.2
11 51 163.8
11 52 30.9
11 53 470.1
11 54 201.2
11 55 395.8
11 56 323.6
11 57 431.4
11 58 417.5
11 59 4.9
11 60 119.7
11 61 410.3
11 62 163.4
11 63 214.0
11 64 124.6
11 65 51.6
11 66 209.7
11 67 307.1
11 68 75.2
11 69 424.2
11 70 301.8
11 71 378.7
11 72 196.6
11 73 10.2
11 74 450.1
11 75 448.6
11 76 1.7
11 77 341.5
11 78 313.7
11 79 249.4
11 80 262.9
11 81 117.6
11 82 470.4
11 83 296.5
11 84 163.3
11 85 396.2
11 86 382.1
11 87 166.1
11 88 70.2
11 89 350.5
11 90 277.1
11 91 123.5
11 92 83.2
11 93 158.5
11 94 178.2
11 95 371.5
11 96 133.7
11 97 486.4
11 98 55.6
11 99 301.6
11 100 301.3
11 101 63.1
11 102 251.4
11 103 78.6
11 104 169.7
12 13 331.1
12 14 242.3
12 15 348.3
12 16 227.9
12 17 290.7
12 18 131.6
12 19 426.3
12 20 9.6
12 21 256.2
12 22 114.2
12 23 63.9
12 24 348.3
12 25 344.7
12 26 360.6
12 27 128.5
12 28 363.1
12 29 4.0
12 30 364.1
12 31 412.4
12 32 275.9
12 33 280.9
12 34 404.5
12 35 383.7
12 36 437.8
12 37 73.3
12 38 469.8
12 39 380.4
12 40 382.4
12 41 415.1
12 42 451.3
12 43 6.6
12 44 258.7
12 45 453.2
12 46 272.5
12 47 256.2
12 48 237.3
12 49 133.6
12 50 190.7
12 51 113.1
12 52 73.2
12 53 347.1
12 54 351.9
12 55 187.6
12 56 349.6
12 57 458.0
12 58 427.3
12 59 447.7
12 60 451.0
12 61 78.0
12 62 326.3
12 63 154.9
12 64 114.1
12 65 348.8
12 66 107.5
12 67 306.0
12 68 304.1
12 69 318.7
12 70 327.8
12 71 383.9
12 72 499.0
12 73 331.0
12 74 283.0
12 75 489.0
12 76 78.5
12 77 12.0
12 78 319.2
12 79 189.1
12 80 187.0
12 81 320.2
12 82 83.0
12 83 296.6
12 84 241.7
12 85 216.6
12 86 246.7
12 87 346.1
12 88 431.3
12 89 427.6
12 90 459.5
12 91 128.8
12 92 323.7
12 93 409.4
12 94 488.2
12 95 71.2
12 96 235.7
12 97 188.8
12 98 61.1
12 99 394.1
12 100 18.0
12 101 499.0
12 102 11.6
12 103 161.6
12 104 311.8
13 14 449.4
13 15 368.6
13 16 124.7
13 17 496.5
13 18 457.1
13 19 261.4
13 20 386.5
13 21 41.7
13 22 388.2
13 23 405.5
13 24 398.6
13 25 85.6
13 26 3.4
13 27 433.1
13 28 269.4
13 29 92.7
13 30 244.2
13 31 178.9
13 32 263.8
13 33 77.1
13 34 7.1
13 35 439.8
13 36 181.9
13 37 483.1
13 38 383.9
13 39 151.9
13 40 182.8
13 41 499.0
13 42 346.0
13 43 83.4
13 44 402.9
13 45 355.7
13 46 38.0
13 47 304.2
13 48 230.2
13 49 220.8
13 50 225.1
13 51 315.0
13 52 382.9
13 53 301.7
13 54 85.2
13 55 494.9
13 56 119.5
13 57 403.6
13 58 322.5
13 59 103.1
13 60 84.9
13 61 135.2
13 62 368.2
13 63 77.9
13 64 343.8
13 65 87.6
13 66 321.0
13 67 41.9
13 68 451.0
13 69 155.1
13 70 467.9
13 71 382.3
13 72 475.9
13 73 494.7
13 74 263.0
13 75 112.8
13 76 47.7
13 77 310.1
13 78 190.7
13 79 439.1
13 80 228.5
13 81 450.5
13 82 498.6
13 83 412.2
13 84 76.9
13 85 127.9
13 86 168.5
13 87 106.6
13 88 112.7
13 89 350.8
13 90 145.6
13 91 48.8
13 92 192.5
13 93 200.7
13 94 204.2
13 95 153.4
13 96 74.5
13 97 374.1
13 98 37.7
13 99 214.4
13 100 247.9
13 101 222.1
13 102 386.2
13 103 484.4
13 104 461.4
14 15 24.3
14 16 70.1
14 17 393.8
14 18 242.6
14 19 262.6
14 20 32.4
14 21 243.0
14 22 122.5
14 23 465.7
14 24 454.3
14 25 101.4
14 26 465.9
14 27 31.8
14 28 91.6
14 29 234.2
14 30 157.5
14 31 305.0
14 32 39.0
14 33 87.0
14 34 424.8
14 35 289.7
14 36 395.2
14 37 7.3
14 38 152.7
14 39 219.9
14 40 63.3
14 41 246.1
14 42 155.9
14 43 326.2
14 44 385.6
14 45 139.9
14 46 303.4
14 47 2.7
14 48 252.0
14 49 212.9
14 50 44.5
14 51 380.8
14 52 407.8
14 53 406.3
14 54 154.8
14 55 125.3
14 56 257.3
14 57 256.5
14 58 403.3
14 59 37.5
14 60 258.7
14 61 249.2
14 62 320.0
14 63 384.1
14 64 469.4
14 65 213.1
14 66 371.3
14 67 185.1
14 68 58.6
14 69 465.5
14 70 242.4
14 71 123.6
14 72 330.4
14 73 144.6
14 74 201.8
14 75 145.5
14 76 336.9
14 77 311.9
14 78 437.2
14 79 428.3
14 80 111.3
14 81 94.1
14 82 87.7
14 83 224.6
14 84 485.2
14 85 212.4
14 86 420.4
14 87 276.0
14 88 390.9
14 89 111.4
14 90 251.4
14 91 146.6
14 92 333.0
14 93 448.3
14 94 58.2
14 95 484.5
14 96 397.8
14 97 497.1
14 98 307.5
14 99 214.6
14 100 448.3
14 101 220.7
14 102 374.9
14 103 181.9
14 104 457.4
15 16 197.0
15 17 188.9
15 18 296.9
15 19 184.5
15 20 217.4
15 21 191.3
15 22 228.3
15 23 278.0
15 24 275.0
15 25 447.5
15 26 398.8
15 27 292.5
15 28 396.1
15 29 468.6
15 30 497.9
15 31 369.3
15 32 127.5
15 33 439.6
15 34 5.2
15 35 495.8
15 36 307.1
15 37 417.6
15 38 292.2
15 39 480.9
15 40 7.0
15 41 335.2
15 42 150.7
15 43 474.4
15 44 65.7
15 45 61.2
15 46 143.6
15 47 29.7
15 48 176.5
15 49 358.6
15 50 355.4
15 51 250.1
15 52 98.2
15 53 316.4
15 54 369.1
15 55 182.0
15 56 431.3
15 57 119.5
15 58 409.8
15 59 67.8
15 60 321.6
15 61 17.1
15 62 118.4
15 63 249.1
15 64 197.0
15 65 400.1
15 66 443.6
15 67 401.4
15 68 112.1
15 69 168.5
15 70 208.7
15 71 260.1
15 72 394.4
15 73 384.2
15 74 195.8
15 75 259.5
15 76 446.5
15 77 99.6
15 78 313.4
15 79 313.9
15 80 370.1
15 81 171.8
15 82 414.3
15 83 301.5
15 84 397.6
15 85 486.3
15 86 279.0
15 87 96.6
15 88 49.1
15 89 368.6
15 90 166.6
15 91 71.6
15 92 295.5
15 93 497.8
15 94 90.5
15 95 129.3
15 96 154.9
15 97 232.8
15 98 294.4
15 99 376.7
15 100 423.7
15 101 228.6
15 102 479.6
15 103 491.4
15 104 346.1
16 17 227.5
16 18 491.8
16 19 465.3
16 20 77.4
16 21 347.7
16 22 435.0
16 23 237.4
16 24 234.1
16 25 113.1
16 26 464.6
16 27 78.5
16 28 78.9
16 29 347.2
16 30 151.8
16 31 236.9
16 32 322.9
16 33 255.7
16 34 122.5
16 35 257.7
16 36 155.1
16 37 323.6
16 38 392.3
16 39 315.3
16 40 249.0
16 41 375.5
16 42 304.6
16 43 326.3
16 44 112.1
16 45 150.6
16 46 487.6
16 47 405.3
16 48 65.6
16 49 468.7
16 50 96.4
16 51 475.9
16 52 50.3
16 53 255.9
16 54 233.6
16 55 200.0
16 56 27.8
16 57 54.8
16 58 333.8
16 59 259.0
16 60 375.2
16 61 1.6
16 62 28.1
16 63 4.6
16 64 394.8
16 65 22.9
16 66 342.3
16 67 390.7
16 68 122.9
16 69 245.9
16 70 170.1
16 71 435.8
16 72 252.2
16 73 388.9
16 74 387.2
16 75 157.7
16 76 456.3
16 77 261.2
16 78 67.4
16 79 262.5
16 80 281.3
16 81 390.4
16 82 177.3
16 83 182.4
16 84 232.5
16 85 220.1
16 86 452.6
16 87 341.7
16 88 41.6
16 89 21.8
16 90 188.7
16 91 493.2
16 92 439.4
16 93 364.3
16 94 188.2
16 95 390.3
16 96 422.5
16 97 378.3
16 98 347.7
16 99 200.0
16 100 191.6
16 101 317.8
16 102 293.3
16 103 477.7
16 104 96.2
17 18 241.7
17 19 52.6
17 20 121.1
17 21 338.2
17 22 28.8
17 23 358.1
17 24 242.2
17 25 488.7
17 26 433.1
17 27 393.5
17 28 124.7
17 29 40.8
17 30 184.1
17 31 472.3
17 32 160.2
17 33 7.2
17 34 136.0
17 35 88.3
17 36 272.3
17 37 37.3
17 38 247.4
17 39 48.1
17 40 182.9
17 41 105.0
17 42 273.7
17 43 239.6
17 44 305.0
17 45 115.3
17 46 237.3
17 47 8.5
17 48 100.5
17 49 198.9
17 50 130.1
17 51 121.4
17 52 466.6
17 53 219.8
17 54 161.9
17 55 449.6
17 56 58.9
17 57 272.4
17 58 175.3
17 59 359.4
17 60 136.1
17 61 461.5
17 62 475.6
17 63 9.0
17 64 272.7
17 65 452.7
17 66 241.5
17 67 164.4
17 68 453.1
17 69 302.0
17 70 423.1
17 71 274.0
17 72 127.9
17 73 204.3
17 74 213.5
17 75 274.4
17 76 290.0
17 77 185.6
17 78 173.9
17 79 396.5
17 80 93.1
17 81 384.8
17 82 34.0
17 83 118.4
17 84 214.7
17 85 91.2
17 86 237.3
17 87 79.8
17 88 194.1
17 89 453.8
17 90 81.6
17 91 394.2
17 92 292.2
17 93 344.1
17 94 423.2
17 95 80.4
17 96 35.8
17 97 195.3
17 98 275.3
17 99 314.1
17 100 212.0
17 101 393.8
17 102 318.6
17 103 101.8
17 104 10.1
18 19 347.8
18 20 159.8
18 21 158.6
18 22 105.3
18 23 363.8
18 24 383.1
18 25 88.3
18 26 218.0
18 27 493.3
18 28 491.7
18 29 155.4
18 30 415.3
18 31 381.1
18 32 110.9
18 33 72.0
18 34 95.5
18 35 260.7
18 36 406.9
18 37 115.2
18 38 384.8
18 39 377.6
18 40 85.9
18 41 111.0
18 42 447.3
18 43 150.8
18 44 7.7
18 45 297.1
18 46 40.9
18 47 233.1
18 48 416.9
18 49 423.5
18 50 462.9
18 51 1.5
18 52 353.5
18 53 325.0
18 54 284.1
18 55 280.5
18 56 284.2
18 57 301.7
18 58 439.1
18 59 120.5
18 60 232.6
18 61 197.8
18 62 66.1
18 63 9.2
18 64 498.6
18 65 373.1
18 66 210.6
18 67 55.5
18 68 270.7
18 69 1.5
18 70 83.5
18 71 116.8
18 72 223.8
18 73 497.5
18 74 211.5
18 75 7.9
18 76 342.4
18 77 482.8
18 78 16.8
18 79 239.8
18 80 243.4
18 81 128.0
18 82 299.9
18 83 82.7
18 84 457.1
18 85 19.8
18 86 280.9
18 87 283.0
18 88 383.7
18 89 15.4
18 90 305.6
18 91 36.6
18 92 351.3
18 93 85.2
18 94 450.1
18 95 302.4
18 96 179.4
18 97 451.8
18 98 328.6
18 99 343.8
18 100 475.7
18 101 126.9
18 102 173.0
18 103 305.2
18 104 484.5
19 20 349.1
19 21 82.6
19 22 89.3
19 23 488.5
19 24 230.7
19 25 414.4
19 26 323.9
19 27 150.0
19 28 390.3
19 29 365.3
19 30 223.4
19 31 184.4
19 32 53.1
19 33 234.8
19 34 101.5
19 35 47.7
19 36 135.6
19 37 48.3
19 38 235.9
19 39 60.5
19 40 302.6
19 41 210.2
19 42 456.4
19 43 399.3
19 44 227.1
19 45 257.5
19 46 94.7
19 47 27.3
19 48 109.0
19 49 51.5
19 50 55.0
19 51 128.3
19 52 101.3
19 53 61.0
19 54 409.9
19 55 371.1
19 56 255.3
19 57 344.8
19 58 84.0
19 59 276.9
19 60 477.7
19 61 184.5
19 62 140.5
19 63 49.8
19 64 263.4
19 65 483.8
19 66 407.1
19 67 365.1
19 68 245.6
19 69 148.2
19 70 141.0
19 71 379.0
19 72 422.7
19 73 330.5
19 74 217.5
19 75 376.0
19 76 224.4
19 77 62.0
19 78 332.9
19 79 31.6
19 80 287.4
19 81 313.4
19 82 50.5
19 83 499.8
19 84 440.8
19 85 148.4
19 86 14.9
19 87 61.6
19 88 79.0
19 89 367.5
19 90 321.4
19 91 429.3
19 92 316.2
19 93 419.1
19 94 95.9
19 95 449.7
19 96 457.8
19 97 80.1
19 98 83.2
19 99 75.1
19 100 323.1
19 101 486.4
19 102 95.5
19 103 347.1
19 104 401.2
20 21 397.1
20 22 229.5
20 23 319.2
20 24 40.5
20 25 243.8
20 26 18.7
20 27 161.6
20 28 499.3
20 29 248.3
20 30 365.9
20 31 292.0
20 32 143.2
20 33 383.4
20 34 160.0
20 35 246.9
20 36 219.1
20 37 138.1
20 38 319.5
20 39 124.7
20 40 312.0
20 41 124.8
20 42 67.3
20 43 383.8
20 44 217.5
20 45 159.0
20 46 170.1
20 47 301.8
20 48 125.6
20 49 260.2
20 50 241.1
20 51 166.5
20 52 193.0
20 53 43.0
20 54 402.1
20 55 406.6
20 56 273.4
20 57 435.1
20 58 10.1
20 59 38.1
20 60 66.7
20 61 338.3
20 62 56.3
20 63 371.4
20 64 300.7
20 65 470.7
20 66 268.5
20 67 234.7
20 68 81.5
20 69 76.3
20 70 39.7
20 71 45.8
20 72 363.3
20 73 277.0
20 74 492.8
20 75 119.2
20 76 211.8
20 77 164.0
20 78 139.2
20 79 315.1
20 80 51.2
20 81 462.6
20 82 79.8
20 83 443.4
20 84 399.7
20 85 102.7
20 86 90.0
20 87 276.8
20 88 23.9
20 89 354.2
20 90 463.2
20 91 122.7
20 92 389.6
20 93 382.6
20 94 209.4
20 95 485.9
20 96 145.6
20 97 6.0
20 98 240.7
20 99 436.5
20 100 479.0
20 101 233.8
20 102 317.5
20 103 381.1
20 104 412.0
21 22 305.5
21 23 368.1
21 24 340.5
21 25 193.7
21 26 130.7
21 27 333.1
21 28 301.3
21 29 480.1
21 30 245.9
21 31 164.2
21 32 99.7
21 33 200.8
21 34 74.2
21 35 480.9
21 36 219.5
21 37 326.5
21 38 52.7
21 39 83.5
21 40 417.6
21 41 68.7
21 42 453.3
21 43 362.6
21 44 489.4
21 45 82.6
21 46 296.3
21 47 301.0
21 48 68.3
21 49 257.1
21 50 302.9
21 51 167.9
21 52 286.8
21 53 386.5
21 54 41.3
21 55 105.8
21 56 180.0
21 57 8.4
21 58 356.9
21 59 270.9
21 60 130.6
21 61 498.0
21 62 133.5
21 63 104.5
21 64 135.9
21 65 370.5
21 66 44.7
21 67 443.4
21 68 168.6
21 69 472.6
21 70 492.7
21 71 484.2
21 72 35.1
21 73 151.5
21 74 499.0
21 75 454.6
21 76 176.4
21 77 228.1
21 78 422.3
21 79 477.1
21 80 234.9
21 81 258.1
21 82 110.0
21 83 428.9
21 84 468.3
21 85 194.3
21 86 265.3
21 87 263.2
21 88 212.5
21 89 417.0
21 90 159.7
21 91 335.1
21 92 47.5
21 93 15.3
21 94 177.3
21 95 406.6
21 96 234.2
21 97 197.6
21 98 311.4
21 99 442.4
21 100 494.9
21 101 329.8
21 102 86.3
21 103 77.0
21 104 325.9
22 23 92.4
22 24 234.6
22 25 280.6
22 26 82.4
22 27 167.4
22 28 76.2
22 29 392.0
22 30 497.3
22 31 447.2
22 32 75.2
22 33 378.6
22 34 16.4
22 35 260.5
22 36 482.4
22 37 419.3
22 38 216.7
22 39 119.6
22 40 109.7
22 41 1.3
22 42 88.7
22 43 63.6
22 44 204.6
22 45 81.8
22 46 133.4
22 47 383.5
22 48 127.6
22 49 158.6
22 50 312.5
22 51 160.2
22 52 360.4
22 53 306.1
22 54 451.2
22 55 91.9
22 56 160.8
22 57 66.4
22 58 338.3
22 59 34.4
22 60 141.0
22 61 387.7
22 62 155.0
22 63 187.4
22 64 207.0
22 65 31.4
22 66 300.5
22 67 41.7
22 68 130.6
22 69 168.5
22 70 355.9
22 71 401.0
22 72 435.7
22 73 471.2
22 74 288.4
22 75 397.9
22 76 402.6
22 77 297.2
22 78 22.7
22 79 485.1
22 80 416.3
22 81 5.3
22 82 417.4
22 83 304.7
22 84 356.2
22 85 427.5
22 86 158.4
22 87 432.4
22 88 226.1
22 89 108.9
22 90 253.9
22 91 389.6
22 92 194.2
22 93 24.1
22 94 319.2
22 95 369.3
22 96 160.9
22 97 90.0
22 98 29.2
22 99 127.7
22 100 219.0
22 101 3.0
22 102 355.1
22 103 450.4
22 104 9.5
23 24 63.0
23 25 368.5
23 26 278.7
23 27 63.5
23 28 252.3
23 29 107.4
23 30 137.8
23 31 252.9
23 32 485.2
23 33 409.8
23 34 73.5
23 35 273.2
23 36 485.6
23 37 459.2
23 38 2.6
23 39 32.5
23 40 209.9
23 41 411.7
23 42 319.4
23 43 498.9
23 44 195.8
23 45 115.6
23 46 286.8
23 47 324.4
23 48 80.3
23 49 207.6
23 50 434.9
23 51 192.8
23 52 493.6
23 53 20.2
23 54 405.7
23 55 87.7
23 56 447.5
23 57 157.9
23 58 43.4
23 59 68.9
23 60 65.1
23 61 467.8
23 62 73.9
23 63 159.7
23 64 25.8
23 65 53.2
23 66 302.2
23 67 348.0
23 68 105.7
23 69 260.5
23 70 196.8
23 71 122.3
23 72 79.3
23 73 479.8
23 74 47.7
23 75 185.6
23 76 145.3
23 77 226.0
23 78 292.2
23 79 6.1
23 80 190.6
23 81 382.4
23 82 215.2
23 83 237.6
23 84 372.5
23 85 249.2
23 86 275.5
23 87 453.4
23 88 54.9
23 89 373.0
23 90 407.6
23 91 82.5
23 92 31.9
23 93 230.4
23 94 411.0
23 95 379.7
23 96 58.9
23 97 333.0
23 98 156.8
23 99 329.2
23 100 179.9
23 101 302.6
23 102 232.9
23 103 332.9
23 104 420.9
24 25 90.3
24 26 474.1
24 27 289.8
24 28 23.9
24 29 56.2
24 30 21.1
24 31 490.5
24 32 421.2
24 33 232.1
24 34 103.0
24 35 153.1
24 36 58.2
24 37 322.9
24 38 261.5
24 39 71.1
24 40 390.5
24 41 450.8
24 42 238.7
24 43 443.8
24 44 353.4
24 45 407.1
24 46 444.5
24 47 271.6
24 48 308.9
24 49 96.9
24 50 413.1
24 51 64.1
24 52 400.9
24 53 201.7
24 54 337.6
24 55 89.2
24 56 94.7
24 57 381.4
24 58 421.0
24 59 170.8
24 60 218.9
24 61 299.4
24 62 209.7
24 63 334.7
24 64 12.9
24 65 377.1
24 66 274.2
24 67 116.9
24 68 343.0
24 69 225.2
24 70 323.9
24 71 493.1
24 72 122.4
24 73 468.7
24 74 263.2
24 75 88.6
24 76 204.0
24 77 72.2
24 78 248.0
24 79 423.0
24 80 111.9
24 81 325.0
24 82 404.0
24 83 188.7
24 84 396.4
24 85 34.5
24 86 346.4
24 87 157.2
24 88 386.9
24 89 251.0
24 90 169.4
24 91 262.1
24 92 450.6
24 93 120.4
24 94 68.3
24 95 244.5
24 96 426.2
24 97 312.4
24 98 263.5
24 99 52.2
24 100 74.7
24 101 380.8
24 102 200.9
24 103 195.5
24 104 46.8
25 26 181.5
25 27 156.9
25 28 188.3
25 29 323.0
25 30 77.2
25 31 279.3
25 32 95.6
25 33 86.2
25 34 223.2
25 35 278.3
25 36 266.5
25 37 494.6
25 38 88.4
25 39 279.8
25 40 300.3
25 41 39.7
25 42 94.8
25 43 395.4
25 44 19.9
25 45 191.5
25 46 92.5
25 47 148.7
25 48 324.0
25 49 274.1
25 50 155.1
25 51 308.0
25 52 148.4
25 53 443.5
25 54 153.2
25 55 91.7
25 56 141.8
25 57 5.1
25 58 247.4
25 59 432.3
25 60 483.4
25 61 174.0
25 62 42.9
25 63 466.6
25 64 373.6
25 65 41.8
25 66 363.4
25 67 498.2
25 68 382.1
25 69 354.4
25 70 479.8
25 71 290.0
25 72 31.8
25 73 54.5
25 74 394.0
25 75 376.5
25 76 341.2
25 77 159.0
25 78 373.1
25 79 227.1
25 80 133.2
25 81 437.7
25 82 25.4
25 83 489.9
25 84 121.5
25 85 62.4
25 86 117.7
25 87 328.0
25 88 43.9
25 89 495.4
25 90 246.8
25 91 108.7
25 92 425.2
25 93 423.8
25 94 484.8
25 95 277.9
25 96 390.9
25 97 419.7
25 98 62.4
25 99 285.1
25 100 269.6
25 101 69.8
25 102 143.0
25 103 107.1
25 104 385.0
26 27 495.3
26 28 54.0
26 29 361.1
26 30 174.4
26 31 210.7
26 32 408.7
26 33 269.9
26 34 221.4
26 35 250.4
26 36 9.4
26 37 180.4
26 38 453.5
26 39 232.0
26 40 231.5
26 41 199.8
26 42 31.1
26 43 427.2
26 44 429.5
26 45 75.5
26 46 491.7
26 47 229.8
26 48 216.5
26 49 246.2
26 50 283.0
26 51 125.3
26 52 397.8
26 53 491.2
26 54 473.6
26 55 143.4
26 56 193.4
26 57 456.3
26 58 483.4
26 59 331.6
26 60 94.1
26 61 10.5
26 62 366.7
26 63 300.7
26 64 260.4
26 65 343.3
26 66 363.4
26 67 106.7
26 68 202.0
26 69 333.3
26 70 443.1
26 71 429.2
26 72 317.2
26 73 381.0
26 74 352.9
26 75 209.8
26 76 142.1
26 77 167.6
26 78 481.5
26 79 291.4
26 80 219.4
26 81 409.7
26 82 256.0
26 83 257.3
26 84 275.2
26 85 76.7
26 86 288.1
26 87 12.9
26 88 125.3
26 89 108.8
26 90 189.4
26 91 389.4
26 92 436.7
26 93 161.2
26 94 154.8
26 95 216.2
26 96 39.9
26 97 114.1
26 98 229.3
26 99 497.1
26 100 442.7
26 101 87.0
26 102 388.8
26 103 370.3
26 104 315.9
27 28 375.1
27 29 443.1
27 30 361.6
27 31 18.3
27 32 90.7
27 33 300.1
27 34 57.7
27 35 49.1
27 36 396.0
27 37 482.4
27 38 236.7
27 39 30.0
27 40 129.7
27 41 391.2
27 42 136.1
27 43 484.8
27 44 326.6
27 45 190.2
27 46 416.3
27 47 40.1
27 48 450.8
27 49 269.1
27 50 438.8
27 51 68.2
27 52 435.6
27 53 166.5
27 54 178.8
27 55 54.2
27 56 473.2
27 57 444.5
27 58 158.6
27 59 113.1
27 60 382.8
27 61 397.7
27 62 262.4
27 63 153.9
27 64 481.8
27 65 156.3
27 66 393.4
27 67 61.0
27 68 135.5
27 69 101.5
27 70 283.9
27 71 383.0
27 72 338.1
27 73 330.6
27 74 486.8
27 75 335.4
27 76 84.6
27 77 344.8
27 78 415.7
27 79 354.5
27 80 41.2
27 81 405.9
27 82 145.3
27 83 337.7
27 84 323.0
27 85 128.6
27 86 332.9
27 87 366.9
27 88 8.9
27 89 206.8
27 90 266.0
27 91 23.3
27 92 96.1
27 93 303.2
27 94 265.2
27 95 196.9
27 96 471.3
27 97 375.0
27 98 35.8
27 99 154.1
27 100 213.0
27 101 8.6
27 102 338.1
27 103 433.6
27 104 339.9
28 29 118.0
28 30 240.8
28 31 127.7
28 32 20.2
28 33 248.9
28 34 401.5
28 35 434.9
28 36 121.4
28 37 440.7
28 38 351.8
28 39 193.4
28 40 338.5
28 41 357.3
28 42 314.6
28 43 176.2
28 44 371.9
28 45 54.2
28 46 383.5
28 47 438.3
28 48 199.9
28 49 216.1
28 50 395.3
28 51 60.5
28 52 395.6
28 53 252.1
28 54 18.3
28 55 298.3
28 56 165.9
28 57 423.6
28 58 491.1
28 59 59.7
28 60 86.6
28 61 189.1
28 62 499.4
28 63 232.2
28 64 277.0
28 65 61.8
28 66 343.4
28 67 41.8
28 68 5.2
28 69 452.2
28 70 350.6
28 71 128.0
28 72 241.7
28 73 338.2
28 74 389.0
28 75 441.2
28 76 364.6
28 77 121.9
28 78 178.0
28 79 154.3
28 80 174.3
28 81 242.7
28 82 492.7
28 83 180.0
28 84 105.9
28 85 12.0
28 86 376.8
28 87 41.6
28 88 269.9
28 89 123.3
28 90 137.9
28 91 462.8
28 92 137.6
28 93 189.5
28 94 336.5
28 95 214.9
28 96 464.0
28 97 184.3
28 98 450.9
28 99 63.3
28 100 413.7
28 101 361.0
28 102 387.5
28 103 421.2
28 104 224.6
29 30 188.2
29 31 457.2
29 32 483.4
29 33 302.3
29 34 23.3
29 35 56.5
29 36 364.0
29 37 406.5
29 38 343.7
29 39 21.8
29 40 99.5
29 41 195.7
29 42 368.7
29 43 284.1
29 44 418.6
29 45 56.2
29 46 80.1
29 47 99.9
29 48 384.6
29 49 78.3
29 50 187.3
29 51 249.7
29 52 101.0
29 53 402.5
29 54 148.3
29 55 381.5
29 56 204.0
29 57 437.2
29 58 398.7
29 59 150.9
29 60 408.4
29 61 10.2
29 62 148.8
29 63 309.6
29 64 438.2
29 65 418.6
29 66 87.2
29 67 422.0
29 68 317.8
29 69 377.5
29 70 1.6
29 71 451.9
29 72 476.2
29 73 455.3
29 74 30.7
29 75 124.5
29 76 261.4
29 77 92.7
29 78 121.2
29 79 428.1
29 80 288.2
29 81 188.8
29 82 72.8
29 83 71.5
29 84 79.0
29 85 124.3
29 86 168.0
29 87 365.4
29 88 97.3
29 89 406.1
29 90 124.2
29 91 79.4
29 92 168.2
29 93 27.9
29 94 88.2
29 95 56.8
29 96 464.1
29 97 28.3
29 98 265.2
29 99 348.5
29 100 461.8
29 101 52.6
29 102 340.8
29 103 175.3
29 104 313.8
30 31 61.5
30 32 240.2
30 33 339.1
30 34 114.5
30 35 349.5
30 36 158.8
30 37 272.6
30 38 493.7
30 39 488.5
30 40 211.0
30 41 301.2
30 42 351.8
30 43 5.1
30 44 19.9
30 45 485.9
30 46 411.2
30 47 483.7
30 48 294.5
30 49 210.4
30 50 76.6
30 51 450.8
30 52 144.9
30 53 107.6
30 54 322.2
30 55 97.2
30 56 227.9
30 57 488.9
30 58 403.9
30 59 284.5
30 60 48.7
30 61 159.2
30 62 165.2
30 63 101.8
30 64 486.4
30 65 138.1
30 66 264.5
30 67 23.6
30 68 427.8
30 69 394.4
30 70 74.0
30 71 385.5
30 72 156.4
30 73 348.8
30 74 128.9
30 75 151.1
30 76 30.3
30 77 465.4
30 78 240.6
30 79 314.3
30 80 271.3
30 81 226.4
30 82 358.7
30 83 60.9
30 84 463.3
30 85 35.8
30 86 62.9
30 87 366.4
30 88 38.5
30 89 183.4
30 90 477.2
30 91 340.7
30 92 243.4
30 93 349.2
30 94 165.8
30 95 60.7
30 96 42.9
30 97 107.8
30 98 23.0
30 99 352.2
30 100 395.2
30 101 353.5
30 102 408.6
30 103 251.4
30 104 231.3
31 32 344.6
31 33 133.6
31 34 25.0
31 35 93.9
31 36 47.7
31 37 164.3
31 38 82.4
31 39 114.2
31 40 26.1
31 41 60.3
31 42 53.1
31 43 34.7
31 44 108.2
31 45 277.0
31 46 207.2
31 47 70.9
31 48 460.3
31 49 473.4
31 50 54.7
31 51 201.8
31 52 485.2
31 53 406.9
31 54 280.7
31 55 255.7
31 56 363.5
31 57 456.2
31 58 253.8
31 59 294.6
31 60 13.7
31 61 81.2
31 62 203.7
31 63 169.7
31 64 348.9
31 65 483.6
31 66 169.6
31 67 215.8
31 68 39.0
31 69 485.5
31 70 351.1
31 71 248.7
31 72 392.4
31 73 316.5
31 74 379.8
31 75 142.9
31 76 412.1
31 77 208.6
31 78 184.8
31 79 50.2
31 80 361.9
31 81 176.6
31 82 468.2
31 83 103.8
31 84 202.4
31 85 338.5
31 86 3.9
31 87 301.8
31 88 47.5
31 89 4.2
31 90 138.9
31 91 92.1
31 92 450.5
31 93 437.8
31 94 315.7
31 95 145.6
31 96 426.1
31 97 226.3
31 98 398.4
31 99 25.3
31 100 380.7
31 101 293.6
31 102 154.4
31 103 10.1
31 104 18.6
32 33 363.3
32 34 148.6
32 35 405.0
32 36 256.5
32 37 425.3
32 38 436.2
32 39 453.7
32 40 420.3
32 41 94.2
32 42 425.4
32 43 68.1
32 44 194.1
32 45 430.6
32 46 102.2
32 47 71.1
32 48 238.8
32 49 260.2
32 50 89.4
32 51 420.1
32 52 321.5
32 53 466.5
32 54 328.7
32 55 136.4
32 56 107.8
32 57 345.6
32 58 472.6
32 59 12.0
32 60 492.8
32 61 407.8
32 62 136.0
32 63 491.6
32 64 373.4
32 65 450.6
32 66 483.1
32 67 146.5
32 68 440.2
32 69 344.2
32 70 287.2
32 71 365.2
32 72 471.1
32 73 124.6
32 74 407.6
32 75 335.3
32 76 129.0
32 77 285.7
32 78 73.7
32 79 54.6
32 80 269.4
32 81 143.6
32 82 340.5
32 83 58.8
32 84 195.6
32 85 209.2
32 86 177.6
32 87 411.7
32 88 262.4
32 89 332.1
32 90 211.5
32 91 326.5
32 92 64.7
32 93 365.8
32 94 293.6
32 95 433.4
32 96 408.3
32 97 477.3
32 98 77.1
32 99 245.7
32 100 360.2
32 101 8.5
32 102 437.4
32 103 334.7
32 104 320.5
33 34 189.6
33 35 352.2
33 36 211.7
33 37 440.9
33 38 302.4
33 39 118.6
33 40 468.5
33 41 190.2
33 42 332.3
33 43 446.0
33 44 8.4
33 45 313.4
33 46 107.1
33 47 264.7
33 48 137.7
33 49 74.5
33 50 281.5
33 51 485.6
33 52 485.1
33 53 120.7
33 54 453.7
33 55 28.5
33 56 93.0
33 57 466.8
33 58 371.5
33 59 348.1
33 60 380.1
33 61 164.5
33 62 284.8
33 63 110.6
33 64 23.4
33 65 359.1
33 66 291.8
33 67 276.8
33 68 142.3
33 69 139.2
33 70 41.3
33 71 487.0
33 72 412.9
33 73 497.7
33 74 189.0
33 75 363.5
33 76 226.6
33 77 143.0
33 78 78.5
33 79 268.7
33 80 53.8
33 81 78.5
33 82 188.3
33 83 112.5
33 84 249.9
33 85 1.5
33 86 119.6
33 87 468.9
33 88 359.0
33 89 422.3
33 90 72.2
33 91 194.3
33 92 220.1
33 93 75.0
33 94 491.5
33 95 311.9
33 96 205.4
33 97 168.0
33 98 241.7
33 99 12.1
33 100 133.6
33 101 120.9
33 102 242.0
33 103 154.9
33 104 480.8
34 35 223.6
34 36 141.6
34 37 25.9
34 38 129.3
34 39 137.9
34 40 390.0
34 41 372.2
34 42 386.7
34 43 403.2
34 44 47.6
34 45 92.1
34 46 163.9
34 47 316.2
34 48 372.7
34 49 371.9
34 50 472.9
34 51 257.8
34 52 226.5
34 53 63.7
34 54 362.9
34 55 55.2
34 56 328.0
34 57 167.2
34 58 405.4
34 59 134.1
34 60 350.5
34 61 262.4
34 62 87.2
34 63 452.9
34 64 244.6
34 65 268.2
34 66 88.7
34 67 336.1
34 68 322.8
34 69 40.2
34 70 386.4
34 71 241.3
34 72 383.8
34 73 216.6
34 74 277.0
34 75 439.4
34 76 276.8
34 77 314.4
34 78 40.1
34 79 278.4
34 80 463.3
34 81 58.7
34 82 203.1
34 83 224.2
34 84 429.8
34 85 367.9
34 86 381.1
34 87 476.5
34 88 334.2
34 89 445.2
34 90 108.0
34 91 64.3
34 92 498.5
34 93 486.4
34 94 247.3
34 95 331.5
34 96 107.3
34 97 160.4
34 98 407.9
34 99 226.3
34 100 118.8
34 101 371.8
34 102 390.4
34 103 23.5
34 104 471.9
35 36 239.7
35 37 315.8
35 38 282.0
35 39 463.6
35 40 60.2
35 41 317.7
35 42 130.3
35 43 223.3
35 44 487.8
35 45 353.4
35 46 144.0
35 47 326.6
35 48 86.3
35 49 487.0
35 50 61.3
35 51 185.0
35 52 257.6
35 53 223.2
35 54 162.3
35 55 94.0
35 56 123.7
35 57 360.7
35 58 446.1
35 59 462.2
35 60 111.4
35 61 341.6
35 62 192.0
35 63 193.7
35 64 394.4
35 65 379.0
35 66 22.4
35 67 490.3
35 68 252.2
35 69 388.9
35 70 260.0
35 71 178.4
35 72 33.7
35 73 94.4
35 74 194.0
35 75 224.5
35 76 227.2
35 77 88.3
35 78 193.9
35 79 13.2
35 80 458.0
35 81 435.6
35 82 147.4
35 83 144.5
35 84 272.5
35 85 109.0
35 86 367.7
35 87 339.8
35 88 430.4
35 89 465.0
35 90 303.2
35 91 84.5
35 92 251.5
35 93 409.1
35 94 387.1
35 95 68.3
35 96 325.7
35 97 417.7
35 98 208.2
35 99 42.0
35 100 51.6
35 101 212.1
35 102 102.1
35 103 202.4
35 104 19.7
36 37 192.3
36 38 293.3
36 39 375.7
36 40 449.0
36 41 190.2
36 42 125.6
36 43 144.9
36 44 478.8
36 45 102.6
36 46 141.9
36 47 418.4
36 48 385.3
36 49 271.9
36 50 190.8
36 51 23.1
36 52 466.2
36 53 186.4
36 54 424.7
36 55 426.6
36 56 292.9
36 57 484.9
36 58 177.8
36 59 177.5
36 60 163.3
36 61 310.8
36 62 349.3
36 63 229.5
36 64 372.6
36 65 212.6
36 66 41.7
36 67 377.6
36 68 117.8
36 69 412.0
36 70 494.3
36 71 252.0
36 72 260.9
36 73 2.3
36 74 418.1
36 75 177.4
36 76 47.6
36 77 12.4
36 78 226.0
36 79 146.6
36 80 379.7
36 81 212.4
36 82 78.4
36 83 10.6
36 84 490.0
36 85 264.6
36 86 149.6
36 87 224.3
36 88 443.6
36 89 133.7
36 90 268.1
36 91 498.2
36 92 358.8
36 93 424.7
36 94 353.7
36 95 429.6
36 96 215.0
36 97 483.0
36 98 25.4
36 99 242.0
36 100 251.2
36 101 239.5
36 102 4.0
36 103 385.8
36 104 258.4
37 38 433.3
37 39 275.8
37 40 476.7
37 41 188.2
37 42 383.1
37 43 271.1
37 44 492.9
37 45 397.0
37 46 406.4
37 47 277.7
37 48 327.0
37 49 179.9
37 50 110.9
37 51 499.2
37 52 213.5
37 53 44.8
37 54 319.4
37 55 495.9
37 56 206.3
37 57 432.5
37 58 338.2
37 59 43.4
37 60 93.8
37 61 447.0
37 62 307.9
37 63 491.1
37 64 103.0
37 65 430.3
37 66 450.2
37 67 256.2
37 68 5.3
37 69 491.5
37 70 3.6
37 71 5.0
37 72 174.3
37 73 341.1
37 74 36.1
37 75 305.0
37 76 494.8
37 77 413.0
37 78 292.5
37 79 378.8
37 80 152.4
37 81 329.0
37 82 281.3
37 83 236.3
37 84 494.7
37 85 238.8
37 86 412.9
37 87 307.0
37 88 257.0
37 89 165.4
37 90 336.2
37 91 339.9
37 92 97.7
37 93 247.4
37 94 17.6
37 95 442.1
37 96 12.3
37 97 29.8
37 98 169.0
37 99 298.3
37 100 120.9
37 101 9.6
37 102 235.4
37 103 57.1
37 104 498.3
38 39 80.5
38 40 359.5
38 41 257.6
38 42 283.8
38 43 377.1
38 44 122.7
38 45 485.7
38 46 35.5
38 47 132.6
38 48 97.7
38 49 294.4
38 50 408.3
38 51 66.6
38 52 462.3
38 53 208.2
38 54 109.9
38 55 198.5
38 56 455.7
38 57 395.0
38 58 224.2
38 59 158.4
38 60 319.4
38 61 338.9
38 62 281.7
38 63 349.4
38 64 116.8
38 65 487.8
38 66 47.8
38 67 449.3
38 68 168.2
38 69 497.0
38 70 315.1
38 71 317.5
38 72 406.4
38 73 400.1
38 74 357.4
38 75 148.3
38 76 448.4
38 77 40.3
38 78 175.0
38 79 191.8
38 80 442.4
38 81 107.7
38 82 134.3
38 83 454.7
38 84 222.8
38 85 386.8
38 86 96.3
38 87 150.4
38 88 50.5
38 89 143.4
38 90 196.9
38 91 18.4
38 92 200.1
38 93 322.4
38 94 147.3
38 95 235.6
38 96 279.2
38 97 498.2
38 98 335.0
38 99 414.7
38 100 12.9
38 101 445.4
38 102 267.6
38 103 410.8
38 104 121.4
39 40 481.8
39 41 147.2
39 42 280.5
39 43 313.2
39 44 128.2
39 45 310.0
39 46 469.9
39 47 253.4
39 48 449.4
39 49 491.4
39 50 347.6
39 51 222.5
39 52 160.2
39 53 405.6
39 54 463.1
39 55 74.0
39 56 241.8
39 57 111.4
39 58 155.7
39 59 346.6
39 60 413.1
39 61 123.5
39 62 240.6
39 63 64.4
39 64 496.3
39 65 303.2
39 66 389.1
39 67 263.8
39 68 355.4
39 69 333.2
39 70 175.6
39 71 388.6
39 72 250.8
39 73 379.8
39 74 407.2
39 75 122.1
39 76 365.4
39 77 238.9
39 78 302.5
39 79 413.5
39 80 309.3
39 81 184.6
39 82 293.2
39 83 486.8
39 84 185.3
39 85 225.2
39 86 283.5
39 87 431.8
39 88 282.3
39 89 334.9
39 90 133.3
39 91 466.9
39 92 368.6
39 93 186.6
39 94 402.2
39 95 10.7
39 96 397.0
39 97 196.3
39 98 347.0
39 99 180.6
39 100 286.7
39 101 22.4
39 102 341.9
39 103 469.1
39 104 427.6
40 41 251.3
40 42 214.9
40 43 372.4
40 44 457.9
40 45 357.0
40 46 53.9
40 47 318.0
40 48 349.2
40 49 68.3
40 50 127.5
40 51 421.7
40 52 76.9
40 53 82.2
40 54 187.4
40 55 487.0
40 56 361.9
40 57 28.6
40 58 405.6
40 59 381.4
40 60 74.3
40 61 161.0
40 62 72.1
40 63 459.5
40 64 445.9
40 65 93.1
40 66 31.7
40 67 168.4
40 68 169.3
40 69 112.5
40 70 326.4
40 71 87.5
40 72 257.7
40 73 310.5
40 74 112.1
40 75 317.2
40 76 22.3
40 77 461.1
40 78 362.6
40 79 145.1
40 80 348.1
40 81 72.4
40 82 47.2
40 83 441.1
40 84 379.5
40 85 309.5
40 86 320.6
40 87 114.1
40 88 425.0
40 89 238.6
40 90 93.9
40 91 474.6
40 92 251.7
40 93 182.8
40 94 499.2
40 95 367.4
40 96 462.2
40 97 463.1
40 98 206.5
40 99 7.8
40 100 252.0
40 101 138.8
40 102 63.9
40 103 240.1
40 104 8.2
41 42 449.2
41 43 161.8
41 44 81.6
41 45 207.6
41 46 177.8
41 47 291.0
41 48 462.1
41 49 178.2
41 50 332.4
41 51 98.9
41 52 185.7
41 53 170.2
41 54 494.5
41 55 381.6
41 56 427.3
41 57 326.5
41 58 65.0
41 59 485.2
41 60 367.3
41 61 224.7
41 62 434.3
41 63 364.3
41 64 420.1
41 65 74.7
41 66 287.6
41 67 67.5
41 68 420.7
41 69 149.5
41 70 418.8
41 71 239.4
41 72 300.9
41 73 13.6
41 74 395.6
41 75 485.5
41 76 413.9
41 77 396.9
41 78 135.4
41 79 216.4
41 80 329.2
41 81 41.3
41 82 93.8
41 83 135.8
41 84 130.9
41 85 172.7
41 86 254.6
41 87 199.2
41 88 293.3
41 89 260.9
41 90 198.9
41 91 454.9
41 92 96.4
41 93 327.2
41 94 305.2
41 95 134.4
41 96 330.8
41 97 449.7
41 98 347.1
41 99 394.0
41 100 279.4
41 101 457.5
41 102 19.4
41 103 137.5
41 104 449.8
42 43 243.5
42 44 118.7
42 45 359.0
42 46 264.7
42 47 432.2
42 48 3.7
42 49 386.2
42 50 253.4
42 51 270.6
42 52 112.7
42 53 116.8
42 54 364.3
42 55 8.2
42 56 89.2
42 57 242.5
42 58 286.5
42 59 171.7
42 60 142.7
42 61 191.6
42 62 86.6
42 63 199.0
42 64 59.9
42 65 156.4
42 66 458.1
42 67 57.6
42 68 471.4
42 69 93.2
42 70 90.9
42 71 355.0
42 72 178.7
42 73 435.7
42 74 445.5
42 75 111.6
42 76 241.8
42 77 246.1
42 78 109.8
42 79 459.0
42 80 426.3
42 81 249.8
42 82 76.7
42 83 165.5
42 84 334.5
42 85 105.9
42 86 160.3
42 87 358.4
42 88 167.5
42 89 330.1
42 90 276.1
42 91 133.0
42 92 281.7
42 93 349.4
42 94 334.5
42 95 345.7
42 96 496.0
42 97 170.1
42 98 471.8
42 99 13.7
42 100 330.9
42 101 359.4
42 102 99.7
42 103 326.6
42 104 310.4
43 44 380.1
43 45 36.0
43 46 321.9
43 47 172.1
43 48 362.6
43 49 121.7
43 50 256.1
43 51 7.1
43 52 10.9
43 53 469.8
43 54 232.7
43 55 122.9
43 56 430.8
43 57 90.0
43 58 110.0
43 59 327.5
43 60 349.1
43 61 185.9
43 62 40.2
43 63 107.5
43 64 225.0
43 65 389.3
43 66 71.7
43 67 365.4
43 68 268.3
43 69 36.3
43 70 151.2
43 71 137.9
43 72 47.4
43 73 89.8
43 74 383.7
43 75 346.5
43 76 444.4
43 77 294.3
43 78 282.7
43 79 396.4
43 80 67.1
43 81 55.0
43 82 175.6
43 83 52.0
43 84 494.2
43 85 278.2
43 86 356.2
43 87 96.8
43 88 187.6
43 89 128.7
43 90 440.1
43 91 435.2
43 92 465.8
43 93 305.1
43 94 97.8
43 95 121.2
43 96 218.3
43 97 494.9
43 98 206.8
43 99 166.9
43 100 157.3
43 101 375.4
43 102 466.3
43 103 435.3
43 104 255.6
44 45 62.1
44 46 372.0
44 47 238.0
44 48 445.7
44 49 223.2
44 50 197.2
44 51 253.4
44 52 145.2
44 53 459.2
44 54 212.3
44 55 303.2
44 56 313.8
44 57 379.3
44 58 111.8
44 59 199.5
44 60 172.6
44 61 219.2
44 62 315.1
44 63 383.0
44 64 35.2
44 65 53.2
44 66 211.0
44 67 490.7
44 68 404.2
44 69 475.2
44 70 19.2
44 71 93.5
44 72 314.1
44 73 215.2
44 74 152.7
44 75 462.4
44 76 79.9
44 77 112.7
44 78 263.4
44 79 361.3
44 80 84.5
44 81 323.8
44 82 176.3
44 83 365.1
44 84 67.8
44 85 259.6
44 86 55.7
44 87 221.1
44 88 107.5
44 89 86.6
44 90 389.3
44 91 46.4
44 92 8.9
44 93 359.2
44 94 425.8
44 95 268.8
44 96 250.1
44 97 396.4
44 98 226.5
44 99 458.6
44 100 316.4
44 101 288.5
44 102 466.8
44 103 402.8
44 104 309.6
45 46 361.6
45 47 290.3
45 48 499.1
45 49 52.7
45 50 315.5
45 51 369.8
45 52 303.1
45 53 87.0
45 54 98.6
45 55 32.3
45 56 165.7
45 57 212.2
45 58 27.1
45 59 281.8
45 60 446.0
45 61 199.3
45 62 426.5
45 63 158.9
45 64 222.9
45 65 17.9
45 66 226.0
45 67 438.7
45 68 418.8
45 69 246.8
45 70 326.1
45 71 65.8
45 72 1.5
45 73 418.7
45 74 186.8
45 75 249.6
45 76 95.6
45 77 127.8
45 78 137.9
45 79 242.2
45 80 497.7
45 81 393.0
45 82 453.4
45 83 142.4
45 84 234.3
45 85 86.7
45 86 340.8
45 87 180.9
45 88 240.4
45 89 325.1
45 90 456.1
45 91 153.5
45 92 312.9
45 93 151.9
45 94 143.5
45 95 405.5
45 96 265.9
45 97 356.5
45 98 160.5
45 99 448.8
45 100 249.9
45 101 38.6
45 102 384.9
45 103 240.1
45 104 405.1
46 47 321.5
46 48 111.5
46 49 432.1
46 50 265.8
46 51 429.9
46 52 495.5
46 53 57.5
46 54 190.4
46 55 239.7
46 56 112.9
46 57 356.5
46 58 155.6
46 59 496.9
46 60 347.3
46 61 46.4
46 62 184.4
46 63 488.1
46 64 189.8
46 65 157.4
46 66 97.3
46 67 450.0
46 68 48.6
46 69 309.0
46 70 387.9
46 71 168.4
46 72 338.8
46 73 388.4
46 74 297.7
46 75 204.2
46 76 393.2
46 77 346.1
46 78 272.3
46 79 401.5
46 80 11.7
46 81 402.7
46 82 429.4
46 83 347.1
46 84 161.2
46 85 209.7
46 86 467.0
46 87 378.7
46 88 228.6
46 89 234.6
46 90 322.1
46 91 401.8
46 92 300.1
46 93 31.2
46 94 121.0
46 95 460.2
46 96 58.2
46 97 378.9
46 98 23.5
46 99 467.3
46 100 415.0
46 101 291.0
46 102 482.6
46 103 300.3
46 104 24.7
47 48 266.0
47 49 410.8
47 50 412.9
47 51 108.7
47 52 215.1
47 53 488.3
47 54 468.6
47 55 315.5
47 56 419.0
47 57 349.8
47 58 109.2
47 59 255.3
47 60 106.1
47 61 78.9
47 62 243.2
47 63 351.1
47 64 112.5
47 65 86.0
47 66 6.3
47 67 41.6
47 68 167.4
47 69 205.8
47 70 93.7
47 71 169.0
47 72 36.5
47 73 50.2
47 74 15.5
47 75 463.9
47 76 224.2
47 77 185.6
47 78 66.3
47 79 280.8
47 80 458.8
47 81 112.7
47 82 106.8
47 83 131.7
47 84 179.1
47 85 80.8
47 86 354.0
47 87 165.1
47 88 341.3
47 89 337.3
47 90 158.6
47 91 285.0
47 92 198.3
47 93 132.2
47 94 224.2
47 95 287.8
47 96 491.8
47 97 421.5
47 98 177.7
47 99 177.5
47 100 350.3
47 101 427.6
47 102 461.2
47 103 346.5
47 104 212.6
48 49 321.7
48 50 97.1
48 51 460.1
48 52 28.7
48 53 231.7
48 54 495.5
48 55 397.6
48 56 124.3
48 57 325.4
48 58 325.7
48 59 30.7
48 60 39.7
48 61 162.6
48 62 250.4
48 63 102.5
48 64 444.8
48 65 246.3
48 66 234.9
48 67 247.8
48 68 279.0
48 69 461.5
48 70 171.6
48 71 481.7
48 72 232.4
48 73 39.5
48 74 396.1
48 75 100.1
48 76 113.7
48 77 334.7
48 78 268.7
48 79 91.5
48 80 418.8
48 81 97.5
48 82 268.6
48 83 482.4
48 84 288.5
48 85 470.3
48 86 186.1
48 87 457.6
48 88 36.6
48 89 472.7
48 90 171.0
48 91 260.2
48 92 37.0
48 93 283.4
48 94 66.8
48 95 145.8
48 96 362.4
48 97 216.0
48 98 425.9
48 99 449.0
48 100 272.6
48 101 326.3
48 102 202.3
48 103 412.9
48 104 52.3
49 50 253.6
49 51 251.2
49 52 426.2
49 53 156.4
49 54 82.5
49 55 269.4
49 56 219.1
49 57 484.7
49 58 264.6
49 59 62.0
49 60 138.6
49 61 340.7
49 62 82.6
49 63 216.5
49 64 347.7
49 65 54.6
49 66 255.3
49 67 476.0
49 68 263.9
49 69 194.4
49 70 364.7
49 71 10.9
49 72 218.4
49 73 46.1
49 74 84.9
49 75 499.2
49 76 165.0
49 77 84.8
49 78 210.0
49 79 317.1
49 80 373.5
49 81 460.5
49 82 201.8
49 83 379.8
49 84 472.5
49 85 198.0
49 86 172.8
49 87 302.7
49 88 285.2
49 89 288.7
49 90 441.9
49 91 228.8
49 92 272.7
49 93 134.0
49 94 261.6
49 95 160.7
49 96 337.0
49 97 426.5
49 98 118.6
49 99 478.8
49 100 393.1
49 101 420.2
49 102 349.0
49 103 461.9
49 104 396.4
50 51 11.0
50 52 58.5
50 53 36.8
50 54 40.2
50 55 430.6
50 56 315.5
50 57 97.5
50 58 55.5
50 59 208.1
50 60 301.8
50 61 161.7
50 62 402.3
50 63 261.0
50 64 320.7
50 65 432.4
50 66 333.4
50 67 183.4
50 68 9.9
50 69 247.7
50 70 93.2
50 71 232.5
50 72 206.1
50 73 75.0
50 74 65.7
50 75 434.8
50 76 453.0
50 77 33.9
50 78 390.6
50 79 455.2
50 80 6.4
50 81 153.9
50 82 406.2
50 83 188.3
50 84 484.6
50 85 155.8
50 86 66.2
50 87 204.9
50 88 210.0
50 89 497.4
50 90 414.5
50 91 41.5
50 92 153.7
50 93 126.6
50 94 170.2
50 95 412.2
50 96 113.6
50 97 44.7
50 98 110.7
50 99 359.0
50 100 165.6
50 101 480.7
50 102 442.0
50 103 381.2
50 104 488.2
51 52 270.0
51 53 60.1
51 54 122.7
51 55 257.6
51 56 432.0
51 57 371.8
51 58 219.8
51 59 475.9
51 60 115.9
51 61 129.0
51 62 169.1
51 63 233.1
51 64 401.9
51 65 397.1
51 66 330.7
51 67 209.8
51 68 119.6
51 69 238.1
51 70 103.2
51 71 128.8
51 72 423.5
51 73 16.8
51 74 444.4
51 75 433.5
51 76 116.2
51 77 238.2
51 78 84.0
51 79 27.2
51 80 281.3
51 81 284.7
51 82 289.6
51 83 201.5
51 84 210.2
51 85 167.2
51 86 286.6
51 87 467.1
51 88 287.9
51 89 161.1
51 90 192.1
51 91 491.2
51 92 154.5
51 93 157.9
51 94 120.6
51 95 417.5
51 96 130.5
51 97 432.5
51 98 135.1
51 99 284.4
51 100 69.2
51 101 325.2
51 102 36.0
51 103 407.2
51 104 47.3
52 53 41.2
52 54 50.1
52 55 73.5
52 56 474.8
52 57 137.5
52 58 307.6
52 59 181.1
52 60 262.2
52 61 104.5
52 62 145.9
52 63 165.4
52 64 226.7
52 65 390.4
52 66 297.5
52 67 399.9
52 68 443.3
52 69 275.6
52 70 386.5
52 71 440.0
52 72 382.6
52 73 323.7
52 74 22.1
52 75 439.2
52 76 215.9
52 77 334.9
52 78 92.1
52 79 153.5
52 80 181.9
52 81 17.6
52 82 91.3
52 83 410.3
52 84 245.7
52 85 424.8
52 86 224.3
52 87 280.5
52 88 190.7
52 89 181.0
52 90 29.2
52 91 192.6
52 92 121.3
52 93 379.3
52 94 106.1
52 95 298.4
52 96 410.7
52 97 452.8
52 98 188.9
52 99 363.9
52 100 223.2
52 101 44.8
52 102 389.6
52 103 133.1
52 104 425.2
53 54 328.4
53 55 421.2
53 56 377.9
53 57 109.1
53 58 150.4
53 59 301.0
53 60 169.0
53 61 487.8
53 62 297.1
53 63 172.5
53 64 276.4
53 65 452.1
53 66 211.0
53 67 314.2
53 68 386.8
53 69 191.1
53 70 430.1
53 71 429.6
53 72 237.1
53 73 438.6
53 74 160.3
53 75 326.4
53 76 100.5
53 77 182.8
53 78 204.9
53 79 315.1
53 80 151.9
53 81 282.0
53 82 336.9
53 83 468.3
53 84 72.1
53 85 360.1
53 86 369.3
53 87 433.9
53 88 72.7
53 89 438.2
53 90 192.0
53 91 12.5
53 92 57.3
53 93 114.7
53 94 20.0
53 95 321.0
53 96 228.0
53 97 417.2
53 98 330.6
53 99 460.9
53 100 464.2
53 101 346.4
53 102 315.7
53 103 413.1
53 104 326.2
54 55 49.5
54 56 147.3
54 57 233.0
54 58 336.9
54 59 483.9
54 60 38.0
54 61 56.1
54 62 371.8
54 63 9.1
54 64 233.7
54 65 27.5
54 66 338.2
54 67 226.0
54 68 324.9
54 69 17.3
54 70 115.9
54 71 159.5
54 72 129.4
54 73 84.6
54 74 319.6
54 75 50.8
54 76 218.0
54 77 412.6
54 78 270.8
54 79 322.1
54 80 488.6
54 81 194.6
54 82 61.6
54 83 332.6
54 84 336.3
54 85 425.9
54 86 206.0
54 87 304.7
54 88 270.7
54 89 192.2
54 90 391.9
54 91 212.6
54 92 323.0
54 93 471.4
54 94 375.3
54 95 251.6
54 96 24.3
54 97 304.8
54 98 98.8
54 99 199.1
54 100 109.9
54 101 149.4
54 102 299.6
54 103 47.4
54 104 224.0
55 56 73.8
55 57 229.5
55 58 8.4
55 59 199.6
55 60 145.7
55 61 256.9
55 62 443.4
55 63 333.7
55 64 392.3
55 65 437.6
55 66 77.2
55 67 360.1
55 68 41.4
55 69 331.4
55 70 195.7
55 71 319.9
55 72 368.5
55 73 54.1
55 74 224.1
55 75 454.0
55 76 15.0
55 77 118.5
55 78 19.6
55 79 32.9
55 80 395.5
55 81 94.5
55 82 490.6
55 83 366.0
55 84 344.0
55 85 169.6
55 86 90.1
55 87 473.4
55 88 66.6
55 89 366.6
55 90 401.6
55 91 404.2
55 92 267.8
55 93 202.6
55 94 393.5
55 95 1.5
55 96 224.7
55 97 46.0
55 98 22.3
55 99 381.5
55 100 100.8
55 101 391.7
55 102 155.8
55 103 351.2
55 104 370.2
56 57 141.3
56 58 300.1
56 59 24.5
56 60 120.0
56 61 450.0
56 62 273.1
56 63 43.6
56 64 149.0
56 65 194.7
56 66 326.8
56 67 201.9
56 68 356.1
56 69 110.4
56 70 1.8
56 71 292.9
56 72 269.1
56 73 175.5
56 74 278.8
56 75 447.7
56 76 203.1
56 77 184.4
56 78 339.7
56 79 337.4
56 80 9.0
56 81 273.7
56 82 322.0
56 83 250.0
56 84 89.3
56 85 123.5
56 86 89.5
56 87 449.0
56 88 313.6
56 89 275.6
56 90 283.2
56 91 374.8
56 92 264.0
56 93 272.1
56 94 76.2
56 95 80.8
56 96 362.2
56 97 224.1
56 98 26.8
56 99 47.6
56 100 21.1
56 101 169.5
56 102 436.8
56 103 229.3
56 104 360.3
57 58 28.2
57 59 430.6
57 60 292.7
57 61 251.2
57 62 442.2
57 63 248.6
57 64 198.4
57 65 331.5
57 66 459.6
57 67 18.8
57 68 251.2
57 69 2.8
57 70 129.8
57 71 417.0
57 72 61.0
57 73 221.9
57 74 237.5
57 75 51.2
57 76 70.9
57 77 212.5
57 78 42.5
57 79 249.3
57 80 222.8
57 81 394.9
57 82 63.4
57 83 310.2
57 84 437.6
57 85 186.0
57 86 331.2
57 87 92.7
57 88 167.1
57 89 115.9
57 90 145.9
57 91 260.5
57 92 211.5
57 93 428.3
57 94 242.6
57 95 451.8
57 96 125.4
57 97 478.4
57 98 7.3
57 99 149.2
57 100 42.2
57 101 238.2
57 102 180.8
57 103 7.4
57 104 51.8
58 59 374.1
58 60 442.7
58 61 347.3
58 62 67.7
58 63 177.8
58 64 489.9
58 65 38.2
58 66 123.7
58 67 392.6
58 68 25.9
58 69 403.6
58 70 489.5
58 71 17.8
58 72 467.9
58 73 478.8
58 74 306.0
58 75 328.6
58 76 397.3
58 77 435.1
58 78 342.8
58 79 456.5
58 80 320.1
58 81 73.6
58 82 354.2
58 83 290.0
58 84 281.4
58 85 471.3
58 86 471.0
58 87 495.0
58 88 233.0
58 89 268.2
58 90 346.3
58 91 318.6
58 92 297.5
58 93 341.1
58 94 483.6
58 95 486.6
58 96 298.2
58 97 166.3
58 98 440.3
58 99 314.1
58 100 227.1
58 101 363.0
58 102 310.6
58 103 85.7
58 104 190.6
59 60 219.6
59 61 16.1
59 62 302.5
59 63 466.5
59 64 53.2
59 65 343.2
59 66 249.8
59 67 41.6
59 68 4.9
59 69 319.6
59 70 427.0
59 71 30.6
59 72 494.6
59 73 76.8
59 74 497.9
59 75 285.2
59 76 481.7
59 77 334.2
59 78 58.2
59 79 383.4
59 80 479.9
59 81 3.5
59 82 324.5
59 83 115.0
59 84 203.0
59 85 301.7
59 86 174.6
59 87 52.9
59 88 77.2
59 89 60.2
59 90 77.8
59 91 131.6
59 92 393.6
59 93 317.9
59 94 83.8
59 95 201.5
59 96 217.5
59 97 80.4
59 98 334.1
59 99 306.0
59 100 200.7
59 101 27.1
59 102 76.5
59 103 268.9
59 104 360.1
60 61 457.8
60 62 331.9
60 63 266.9
60 64 389.2
60 65 20.9
60 66 59.0
60 67 36.9
60 68 472.6
60 69 89.6
60 70 5.3
60 71 152.5
60 72 87.6
60 73 196.0
60 74 269.5
60 75 50.4
60 76 233.2
60 77 443.2
60 78 297.6
60 79 325.3
60 80 179.4
60 81 107.5
60 82 6.9
60 83 370.2
60 84 212.4
60 85 133.3
60 86 163.3
60 87 365.6
60 88 41.0
60 89 399.8
60 90 199.7
60 91 14.3
60 92 205.4
60 93 111.5
60 94 265.7
60 95 79.9
60 96 271.2
60 97 249.3
60 98 257.7
60 99 231.2
60 100 247.0
60 101 67.3
60 102 215.5
60 103 3.8
60 104 196.0
61 62 77.0
61 63 248.0
61 64 186.6
61 65 152.9
61 66 414.6
61 67 381.6
61 68 166.9
61 69 27.8
61 70 221.7
61 71 321.9
61 72 145.7
61 73 165.6
61 74 83.1
61 75 218.5
61 76 213.9
61 77 138.4
61 78 351.9
61 79 89.4
61 80 268.4
61 81 254.2
61 82 210.3
61 83 407.8
61 84 37.9
61 85 241.0
61 86 215.8
61 87 400.4
61 88 308.7
61 89 150.2
61 90 497.0
61 91 295.1
61 92 92.8
61 93 68.2
61 94 165.6
61 95 485.5
61 96 65.2
61 97 431.5
61 98 189.2
61 99 498.2
61 100 35.2
61 101 158.5
61 102 342.2
61 103 256.7
61 104 13.5
62 63 156.1
62 64 141.0
62 65 157.0
62 66 293.2
62 67 168.7
62 68 104.7
62 69 490.0
62 70 352.5
62 71 405.7
62 72 310.0
62 73 260.1
62 74 422.2
62 75 315.6
62 76 171.7
62 77 14.8
62 78 283.8
62 79 474.9
62 80 131.2
62 81 368.0
62 82 229.5
62 83 408.1
62 84 157.1
62 85 432.0
62 86 48.6
62 87 213.9
62 88 342.7
62 89 98.6
62 90 429.0
62 91 430.2
62 92 37.5
62 93 139.6
62 94 162.8
62 95 75.6
62 96 148.4
62 97 433.0
62 98 123.8
62 99 202.3
62 100 480.6
62 101 413.2
62 102 346.7
62 103 422.9
62 104 360.9
63 64 429.1
63 65 36.7
63 66 374.0
63 67 192.5
63 68 167.9
63 69 385.1
63 70 376.8
63 71 138.7
63 72 487.8
63 73 309.2
63 74 131.5
63 75 389.9
63 76 379.5
63 77 461.1
63 78 375.6
63 79 441.2
63 80 436.7
63 81 133.8
63 82 114.1
63 83 173.3
63 84 335.5
63 85 351.3
63 86 7.7
63 87 102.0
63 88 77.4
63 89 272.9
63 90 263.0
63 91 98.2
63 92 366.5
63 93 376.5
63 94 123.8
63 95 15.2
63 96 163.0
63 97 269.9
63 98 339.4
63 99 497.9
63 100 87.3
63 101 45.3
63 102 356.4
63 103 291.5
63 104 262.2
64 65 451.1
64 66 498.9
64 67 418.1
64 68 351.1
64 69 289.9
64 70 268.2
64 71 453.0
64 72 131.3
64 73 352.5
64 74 451.0
64 75 432.7
64 76 76.1
64 77 210.0
64 78 392.5
64 79 494.8
64 80 65.3
64 81 297.3
64 82 54.9
64 83 244.3
64 84 46.3
64 85 267.7
64 86 19.6
64 87 251.3
64 88 99.8
64 89 120.4
64 90 455.2
64 91 6.9
64 92 217.1
64 93 274.3
64 94 261.1
64 95 383.8
64 96 356.3
64 97 15.8
64 98 476.9
64 99 346.5
64 100 45.3
64 101 95.8
64 102 109.5
64 103 116.5
64 104 249.1
65 66 463.5
65 67 29.7
65 68 229.6
65 69 99.8
65 70 385.3
65 71 2.2
65 72 152.8
65 73 487.1
65 74 480.0
65 75 171.2
65 76 237.1
65 77 109.6
65 78 2.7
65 79 94.6
65 80 426.8
65 81 397.1
65 82 144.1
65 83 343.8
65 84 378.9
65 85 396.3
65 86 469.5
65 87 484.5
65 88 419.1
65 89 31.4
65 90 64.3
65 91 161.4
65 92 300.7
65 93 114.6
65 94 170.4
65 95 203.9
65 96 334.2
65 97 474.7
65 98 53.4
65 99 344.0
65 100 466.4
65 101 96.6
65 102 478.1
65 103 411.9
65 104 442.6
66 67 329.5
66 68 76.4
66 69 480.2
66 70 397.8
66 71 441.0
66 72 464.6
66 73 473.8
66 74 136.7
66 75 245.5
66 76 1.1
66 77 109.2
66 78 95.5
66 79 264.2
66 80 143.2
66 81 179.0
66 82 100.1
66 83 462.3
66 84 186.8
66 85 427.8
66 86 79.1
66 87 108.4
66 88 21.3
66 89 425.0
66 90 472.5
66 91 285.5
66 92 68.8
66 93 368.2
66 94 230.5
66 95 56.3
66 96 130.3
66 97 284.4
66 98 44.3
66 99 280.3
66 100 208.1
66 101 320.7
66 102 316.6
66 103 402.2
66 104 234.5
67 68 381.3
67 69 173.4
67 70 144.9
67 71 12.6
67 72 325.3
67 73 416.5
67 74 21.2
67 75 202.9
67 76 206.3
67 77 333.8
67 78 245.8
67 79 285.4
67 80 423.8
67 81 132.9
67 82 299.7
67 83 287.4
67 84 387.7
67 85 84.4
67 86 104.2
67 87 332.2
67 88 108.1
67 89 16.4
67 90 444.4
67 91 276.1
67 92 222.8
67 93 204.5
67 94 143.0
67 95 228.3
67 96 414.9
67 97 133.0
67 98 186.7
67 99 383.7
67 100 222.5
67 101 34.2
67 102 13.2
67 103 122.3
67 104 397.8
68 69 90.4
68 70 62.8
68 71 181.2
68 72 133.8
68 73 405.2
68 74 45.1
68 75 55.3
68 76 65.5
68 77 290.8
68 78 312.0
68 79 462.0
68 80 445.4
68 81 264.7
68 82 328.7
68 83 386.3
68 84 5.0
68 85 486.6
68 86 437.5
68 87 221.9
68 88 201.7
68 89 437.5
68 90 437.9
68 91 90.1
68 92 337.2
68 93 229.0
68 94 56.4
68 95 323.1
68 96 430.2
68 97 417.3
68 98 145.4
68 99 477.7
68 100 314.0
68 101 402.0
68 102 339.4
68 103 410.8
68 104 278.9
69 70 477.5
69 71 456.0
69 72 363.6
69 73 409.3
69 74 287.9
69 75 203.3
69 76 273.3
69 77 169.1
69 78 344.2
69 79 351.7
69 80 58.8
69 81 244.2
69 82 276.0
69 83 267.0
69 84 486.1
69 85 333.0
69 86 59.1
69 87 14.1
69 88 450.0
69 89 92.3
69 90 155.2
69 91 306.9
69 92 162.7
69 93 232.9
69 94 30.8
69 95 146.7
69 96 266.2
69 97 319.9
69 98 438.6
69 99 490.3
69 100 25.3
69 101 182.5
69 102 219.8
69 103 141.9
69 104 103.8
70 71 266.1
70 72 157.9
70 73 210.0
70 74 183.2
70 75 25.5
70 76 364.9
70 77 470.1
70 78 435.7
70 79 222.6
70 80 256.9
70 81 376.4
70 82 290.0
70 83 120.0
70 84 226.6
70 85 346.2
70 86 17.0
70 87 1.8
70 88 170.7
70 89 435.4
70 90 37.6
70 91 92.0
70 92 126.3
70 93 107.3
70 94 282.9
70 95 65.8
70 96 245.2
70 97 221.7
70 98 337.3
70 99 414.1
70 100 480.2
70 101 214.2
70 102 428.4
70 103 211.1
70 104 194.1
71 72 26.6
71 73 437.6
71 74 197.6
71 75 175.1
71 76 43.5
71 77 413.8
71 78 201.5
71 79 499.2
71 80 315.3
71 81 156.4
71 82 84.1
71 83 418.2
71 84 180.9
71 85 276.7
71 86 136.3
71 87 431.9
71 88 423.5
71 89 137.1
71 90 116.2
71 91 196.7
71 92 497.5
71 93 363.5
71 94 244.1
71 95 126.3
71 96 129.6
71 97 231.4
71 98 13.5
71 99 451.1
71 100 238.4
71 101 319.5
71 102 332.6
71 103 50.4
71 104 139.8
72 73 259.5
72 74 306.9
72 75 175.6
72 76 108.2
72 77 134.7
72 78 441.8
72 79 324.7
72 80 20.9
72 81 367.9
72 82 59.6
72 83 297.5
72 84 251.8
72 85 347.2
72 86 433.6
72 87 235.4
72 88 384.9
72 89 147.5
72 90 305.0
72 91 180.7
72 92 413.8
72 93 396.5
72 94 241.3
72 95 183.8
72 96 119.1
72 97 188.6
72 98 303.2
72 99 417.9
72 100 352.5
72 101 299.6
72 102 315.4
72 103 194.8
72 104 280.0
73 74 434.4
73 75 336.0
73 76 259.5
73 77 496.9
73 78 469.8
73 79 323.1
73 80 379.2
73 81 260.0
73 82 220.6
73 83 106.3
73 84 371.4
73 85 385.4
73 86 179.7
73 87 274.6
73 88 50.6
73 89 371.2
73 90 319.8
73 91 33.7
73 92 92.6
73 93 166.6
73 94 226.4
73 95 408.2
73 96 458.7
73 97 39.2
73 98 172.2
73 99 276.3
73 100 130.4
73 101 222.8
73 102 209.6
73 103 103.4
73 104 98.2
74 75 91.4
74 76 343.4
74 77 342.5
74 78 140.6
74 79 500.0
74 80 155.1
74 81 47.5
74 82 205.7
74 83 157.5
74 84 370.7
74 85 258.0
74 86 397.7
74 87 249.6
74 88 104.4
74 89 224.9
74 90 255.2
74 91 390.9
74 92 337.0
74 93 157.7
74 94 217.4
74 95 328.6
74 96 293.9
74 97 491.4
74 98 418.3
74 99 13.3
74 100 11.1
74 101 483.4
74 102 15.1
74 103 296.3
74 104 390.2
75 76 284.8
75 77 169.1
75 78 167.0
75 79 13.4
75 80 62.2
75 81 57.8
75 82 86.6
75 83 393.3
75 84 334.6
75 85 142.1
75 86 60.7
75 87 415.0
75 88 54.2
75 89 290.6
75 90 381.7
75 91 294.3
75 92 281.2
75 93 249.5
75 94 494.5
75 95 277.1
75 96 371.2
75 97 314.8
75 98 107.0
75 99 376.2
75 100 245.2
75 101 456.3
75 102 23.3
75 103 479.5
75 104 76.2
76 77 331.0
76 78 203.0
76 79 417.1
76 80 27.9
76 81 66.5
76 82 216.6
76 83 17.8
76 84 476.1
76 85 491.7
76 86 115.2
76 87 251.1
76 88 484.7
76 89 89.4
76 90 239.8
76 91 403.7
76 92 169.9
76 93 38.2
76 94 386.4
76 95 211.8
76 96 276.6
76 97 498.3
76 98 105.4
76 99 427.5
76 100 243.2
76 101 131.4
76 102 374.0
76 103 114.6
76 104 296.8
77 78 384.9
77 79 429.5
77 80 216.5
77 81 134.0
77 82 344.6
77 83 276.8
77 84 427.5
77 85 266.1
77 86 101.4
77 87 189.0
77 88 385.3
77 89 291.7
77 90 242.0
77 91 240.9
77 92 210.0
77 93 318.5
77 94 2.5
77 95 358.4
77 96 105.9
77 97 431.4
77 98 169.5
77 99 497.5
77 100 149.3
77 101 33.8
77 102 415.1
77 103 62.8
77 104 211.4
78 79 290.2
78 80 15.0
78 81 194.1
78 82 462.3
78 83 218.4
78 84 387.9
78 85 420.5
78 86 230.9
78 87 143.1
78 88 19.8
78 89 289.7
78 90 194.3
78 91 145.1
78 92 436.1
78 93 347.0
78 94 430.2
78 95 216.5
78 96 27.8
78 97 114.1
78 98 387.2
78 99 114.7
78 100 430.7
78 101 163.7
78 102 186.9
78 103 80.2
78 104 109.7
79 80 93.5
79 81 224.9
79 82 416.7
79 83 495.1
79 84 47.0
79 85 475.0
79 86 50.8
79 87 39.4
79 88 433.7
79 89 74.9
79 90 436.0
79 91 415.4
79 92 452.8
79 93 70.6
79 94 420.8
79 95 175.1
79 96 407.2
79 97 196.7
79 98 217.0
79 99 263.2
79 100 276.6
79 101 120.1
79 102 293.3
79 103 405.3
79 104 101.3
80 81 190.3
80 82 165.9
80 83 439.7
80 84 91.2
80 85 342.6
80 86 27.1
80 87 326.8
80 88 330.5
80 89 283.9
80 90 171.9
80 91 244.2
80 92 496.3
80 93 290.4
80 94 51.7
80 95 220.4
80 96 278.8
80 97 74.7
80 98 439.9
80 99 40.8
80 100 458.8
80 101 191.2
80 102 31.0
80 103 251.0
80 104 46.9
81 82 324.5
81 83 126.6
81 84 40.8
81 85 480.7
81 86 489.5
81 87 413.6
81 88 236.2
81 89 182.9
81 90 314.1
81 91 33.4
81 92 77.4
81 93 111.3
81 94 183.6
81 95 357.7
81 96 250.2
81 97 33.4
81 98 157.0
81 99 373.6
81 100 446.1
81 101 419.2
81 102 186.2
81 103 429.1
81 104 409.6
82 83 449.5
82 84 71.2
82 85 111.4
82 86 170.7
82 87 80.3
82 88 316.9
82 89 59.5
82 90 188.3
82 91 39.3
82 92 319.1
82 93 118.3
82 94 188.1
82 95 416.0
82 96 122.5
82 97 50.7
82 98 487.5
82 99 87.3
82 100 112.9
82 101 228.9
82 102 460.7
82 103 39.9
82 104 33.4
83 84 209.6
83 85 266.1
83 86 270.3
83 87 166.3
83 88 43.3
83 89 11.0
83 90 406.3
83 91 28.2
83 92 392.1
83 93 419.7
83 94 356.0
83 95 38.5
83 96 452.9
83 97 273.7
83 98 473.6
83 99 226.4
83 100 237.2
83 101 105.0
83 102 366.4
83 103 271.3
83 104 409.5
84 85 70.8
84 86 58.2
84 87 371.5
84 88 182.2
84 89 479.3
84 90 355.1
84 91 28.5
84 92 452.6
84 93 50.6
84 94 68.6
84 95 305.0
84 96 64.3
84 97 75.9
84 98 40.0
84 99 234.0
84 100 288.9
84 101 75.9
84 102 343.4
84 103 145.2
84 104 490.4
85 86 316.0
85 87 402.0
85 88 243.9
85 89 156.4
85 90 216.0
85 91 423.1
85 92 430.4
85 93 346.2
85 94 363.2
85 95 453.2
85 96 31.3
85 97 54.5
85 98 339.0
85 99 270.8
85 100 110.0
85 101 496.4
85 102 155.2
85 103 102.6
85 104 376.8
86 87 62.8
86 88 124.2
86 89 411.4
86 90 161.5
86 91 354.3
86 92 76.8
86 93 283.4
86 94 230.2
86 95 231.1
86 96 4.9
86 97 17.8
86 98 355.1
86 99 399.8
86 100 442.3
86 101 234.8
86 102 289.9
86 103 476.1
86 104 281.6
87 88 310.5
87 89 14.7
87 90 491.3
87 91 60.3
87 92 276.4
87 93 289.9
87 94 201.8
87 95 422.1
87 96 479.5
87 97 448.4
87 98 138.3
87 99 140.8
87 100 431.5
87 101 352.0
87 102 301.2
87 103 485.5
87 104 23.0
88 89 50.4
88 90 445.0
88 91 464.5
88 92 43.8
88 93 146.3
88 94 265.8
88 95 92.9
88 96 439.1
88 97 482.0
88 98 43.2
88 99 97.2
88 100 433.8
88 101 384.7
88 102 316.2
88 103 264.4
88 104 436.6
89 90 29.3
89 91 286.8
89 92 169.9
89 93 180.2
89 94 108.5
89 95 221.0
89 96 493.5
89 97 110.9
89 98 445.5
89 99 479.1
89 100 388.8
89 101 461.2
89 102 499.8
89 103 441.6
89 104 390.8
90 91 112.7
90 92 398.1
90 93 216.5
90 94 187.6
90 95 212.2
90 96 78.9
90 97 35.8
90 98 139.8
90 99 43.6
90 100 344.2
90 101 307.8
90 102 285.2
90 103 8.1
90 104 83.8
91 92 19.5
91 93 55.9
91 94 61.6
91 95 38.5
91 96 32.6
91 97 416.3
91 98 72.4
91 99 183.0
91 100 135.4
91 101 484.5
91 102 390.3
91 103 203.7
91 104 397.1
92 93 167.2
92 94 296.4
92 95 327.8
92 96 253.6
92 97 244.0
92 98 494.8
92 99 128.3
92 100 197.7
92 101 153.0
92 102 98.0
92 103 190.4
92 104 233.2
93 94 388.6
93 95 445.2
93 96 59.7
93 97 464.1
93 98 31.0
93 99 497.5
93 100 260.8
93 101 397.7
93 102 104.1
93 103 320.3
93 104 472.4
94 95 348.9
94 96 110.9
94 97 410.3
94 98 191.7
94 99 351.9
94 100 411.3
94 101 298.1
94 102 430.0
94 103 306.0
94 104 2.8
95 96 213.5
95 97 256.8
95 98 18.0
95 99 71.8
95 100 281.5
95 101 51.3
95 102 68.7
95 103 274.6
95 104 63.8
96 97 346.6
96 98 82.3
96 99 189.6
96 100 420.7
96 101 241.5
96 102 461.1
96 103 494.6
96 104 188.3
97 98 261.7
97 99 26.5
97 100 263.5
97 101 229.2
97 102 456.9
97 103 339.7
97 104 287.0
98 99 36.4
98 100 359.4
98 101 30.9
98 102 291.1
98 103 432.8
98 104 45.0
99 100 239.5
99 101 81.3
99 102 98.4
99 103 105.5
99 104 215.1
100 101 478.7
100 102 127.4
100 103 94.8
100 104 236.7
101 102 352.8
101 103 152.3
101 104 189.1
102 103 480.2
102 104 272.8
103 104 456.5